1, 22, 430, 80, 365, 1
1, 166, 311, 168, 292, 1
1, 119, 406, 82, 396, 1
1, 85, 345, 86, 405, 1
1, 158, 300, 150, 320, 1
1, 163, 331, 170, 316, 1
1, 94, 386, 99, 404, 1
1, 86, 351, 132, 363, 1
1, 115, 361, 131, 337, 1
1, 176, 298, 192, 309, 1
1, 93, 378, 117, 365, 1
1, 60, 386, 123, 367, 1
1, 83, 347, 112, 358, 1
1, 117, 353, 72, 307, 1
1, 137, 328, 144, 344, 1
1, 62, 382, 128, 338, 1
1, 67, 372, 133, 389, 1
1, 94, 305, 108, 416, 1
1, 61, 354, 94, 403, 1
1, 48, 438, 97, 364, 1
1, 186, 405, 144, 330, 1
1, 109, 413, 102, 397, 1
1, 128, 355, 141, 376, 1
1, 25, 475, 88, 405, 1
1, 118, 329, 115, 370, 1
1, 87, 382, 147, 368, 1
1, 96, 406, 91, 408, 1
1, 79, 447, 67, 420, 1
1, 59, 388, 108, 387, 1
1, 100, 368, 122, 406, 1
1, 118, 409, 167, 342, 1
1, 55, 431, 83, 389, 1
1, 39, 386, 113, 395, 1
1, 43, 446, 65, 391, 1
1, 4, 449, 103, 403, 1
1, 113, 354, 138, 362, 1
1, 107, 387, 112, 360, 1
1, 140, 266, 159, 310, 1
1, 101, 379, 99, 403, 1
1, 63, 398, 106, 415, 1
1, 37, 439, 82, 389, 1
1, 72, 353, 65, 343, 1
1, 50, 410, 108, 377, 1
1, 82, 339, 123, 363, 1
1, 122, 279, 152, 368, 1
1, 35, 462, 60, 408, 1
1, 98, 431, 123, 359, 1
1, 68, 396, 121, 382, 1
1, 61, 460, 60, 426, 1
1, 33, 404, 64, 424, 1
1, 113, 358, 143, 386, 1
1, 137, 479, 84, 426, 1
1, 96, 454, 73, 399, 1
1, 134, 339, 167, 408, 1
1, 74, 430, 84, 417, 1
1, 44, 405, 108, 392, 1
1, 35, 375, 89, 424, 1
1, 97, 392, 124, 401, 1
1, 163, 285, 159, 337, 1
1, 67, 396, 95, 426, 1
1, 83, 359, 116, 404, 1
1, 54, 451, 160, 339, 1
1, 14, 428, 64, 408, 1
1, 61, 316, 98, 389, 1
1, 45, 401, 124, 383, 1
1, 114, 343, 165, 327, 1
1, 129, 315, 177, 300, 1
1, 147, 312, 163, 360, 1
1, 59, 429, 120, 361, 1
1, 18, 486, 83, 365, 1
1, 35, 450, 60, 426, 1
1, 89, 409, 116, 423, 1
1, 163, 332, 157, 341, 1
1, 155, 315, 189, 312, 1
1, 126, 355, 147, 344, 1
1, 132, 317, 159, 344, 1
1, 129, 370, 90, 374, 1
1, 153, 355, 165, 348, 1
1, 73, 400, 152, 329, 1
1, 59, 457, 117, 353, 1
1, 121, 355, 100, 379, 1
1, 175, 319, 130, 377, 1
1, 146, 310, 147, 350, 1
1, 169, 346, 170, 298, 1
1, 172, 336, 177, 335, 1
1, 194, 353, 194, 295, 1
1, 189, 313, 170, 329, 1
1, 115, 407, 110, 342, 1
1, 104, 403, 106, 340, 1
1, 187, 283, 205, 269, 1
1, 53, 435, 132, 390, 1
1, 115, 403, 82, 413, 1
1, 104, 392, 69, 401, 1
1, 199, 284, 202, 289, 1
1, 32, 368, 87, 374, 1
1, 119, 386, 136, 342, 1
1, 162, 303, 149, 288, 1
1, 118, 336, 93, 370, 1
1, 160, 391, 143, 341, 1
1, 50, 404, 90, 425, 1
1, 147, 343, 162, 288, 1
1, 21, 475, 78, 416, 1
1, 131, 380, 115, 324, 1
1, 117, 336, 142, 330, 1
1, 169, 347, 125, 407, 1
1, 30, 367, 101, 381, 1
1, 157, 412, 115, 325, 1
1, 156, 341, 124, 366, 1
1, 80, 387, 76, 410, 1
1, 90, 355, 128, 385, 1
1, 90, 437, 118, 368, 1
1, 125, 394, 132, 309, 1
1, 125, 357, 98, 380, 1
1, 228, 292, 212, 269, 1
1, 100, 367, 123, 363, 1
1, 52, 409, 61, 390, 1
1, 146, 353, 149, 335, 1
1, 195, 338, 169, 347, 1
1, 111, 361, 83, 326, 1
1, 195, 292, 143, 252, 1
1, 191, 370, 143, 329, 1
1, 205, 314, 153, 346, 1
1, 164, 329, 174, 341, 1
1, 31, 430, 73, 399, 1
1, 111, 429, 136, 335, 1
1, 163, 372, 154, 357, 1
1, 123, 374, 116, 368, 1
1, 129, 420, 96, 391, 1
1, 129, 398, 165, 337, 1
1, 112, 408, 114, 392, 1
1, 91, 396, 160, 376, 1
1, 119, 365, 85, 375, 1
1, 92, 394, 91, 377, 1
1, 87, 425, 72, 410, 1
1, 171, 347, 123, 350, 1
1, 98, 461, 62, 390, 1
1, 67, 400, 115, 376, 1
1, 137, 342, 160, 298, 1
1, 154, 377, 90, 347, 1
1, 98, 383, 108, 374, 1
1, 178, 362, 147, 313, 1
1, 81, 433, 69, 419, 1
1, 96, 368, 85, 407, 1
1, 115, 385, 120, 391, 1
1, 141, 425, 95, 424, 1
1, 0, 488, 85, 425, 1
1, 72, 445, 91, 411, 1
1, 79, 411, 91, 369, 1
1, 88, 406, 131, 359, 1
1, 117, 434, 127, 403, 1
1, 219, 412, 124, 283, 1
1, 59, 418, 60, 402, 1
1, 116, 353, 88, 341, 1
1, 83, 405, 100, 375, 1
1, 99, 482, 104, 351, 1
1, 57, 417, 95, 405, 1
1, 116, 402, 99, 404, 1
1, 41, 417, 102, 349, 1
1, 120, 338, 130, 367, 1
1, 118, 369, 97, 296, 1
1, 134, 327, 139, 283, 1
1, 82, 460, 111, 389, 1
1, 219, 410, 99, 353, 1
1, 128, 376, 127, 364, 1
1, 75, 388, 100, 403, 1
1, 92, 434, 113, 371, 1
1, 99, 339, 142, 401, 1
1, 174, 329, 154, 290, 1
1, 43, 487, 61, 426, 1
1, 90, 467, 75, 411, 1
1, 115, 414, 119, 414, 1
1, 25, 435, 65, 427, 1
1, 166, 371, 165, 305, 1
1, 9, 425, 95, 370, 1
1, 66, 383, 144, 344, 1
1, 112, 388, 127, 410, 1
1, 160, 410, 117, 414, 1
1, 135, 366, 121, 342, 1
1, 86, 392, 118, 377, 1
1, 111, 375, 102, 327, 1
1, 146, 367, 160, 331, 1
1, 0, 488, 75, 414, 1
1, 0, 488, 73, 414, 1
1, 69, 407, 73, 414, 1
1, 31, 470, 77, 397, 1
1, 114, 363, 160, 359, 1
1, 0, 488, 82, 404, 1
1, 80, 488, 73, 414, 1
1, 33, 436, 61, 419, 1
1, 171, 331, 181, 312, 1
1, 146, 331, 151, 319, 1
1, 11, 488, 69, 416, 1
1, 40, 428, 122, 383, 1
1, 106, 471, 138, 332, 1
1, 0, 460, 73, 414, 1
1, 101, 447, 111, 402, 1
1, 30, 424, 81, 376, 1
1, 85, 367, 152, 328, 1
1, 73, 393, 76, 351, 1
1, 116, 311, 185, 337, 1
1, 176, 380, 149, 323, 1
1, 52, 431, 80, 394, 1
1, 4, 488, 120, 376, 1
1, 65, 423, 80, 406, 1
1, 130, 293, 185, 350, 1
1, 62, 406, 91, 388, 1
1, 164, 388, 159, 353, 1
1, 42, 398, 128, 382, 1
1, 23, 443, 106, 368, 1
1, 12, 458, 90, 414, 1
1, 147, 403, 71, 377, 1
1, 133, 331, 130, 331, 1
1, 0, 482, 94, 414, 1
1, 39, 374, 78, 372, 1
1, 37, 439, 68, 426, 1
1, 15, 413, 73, 386, 1
1, 80, 427, 111, 389, 1
1, 144, 362, 141, 339, 1
1, 37, 463, 108, 356, 1
1, 81, 377, 60, 439, 1
1, 75, 332, 78, 379, 1
1, 53, 432, 99, 396, 1
1, 44, 426, 60, 411, 1
1, 167, 325, 140, 319, 1
1, 124, 369, 184, 356, 1
1, 74, 415, 110, 344, 1
1, 158, 346, 176, 323, 1
1, 130, 350, 100, 365, 1
1, 161, 309, 129, 304, 1
1, 116, 354, 137, 333, 1
1, 90, 366, 144, 329, 1
1, 182, 308, 162, 314, 1
1, 15, 427, 130, 426, 1
1, 0, 488, 60, 426, 1
1, 117, 335, 131, 327, 1
1, 174, 321, 166, 310, 1
1, 187, 330, 177, 309, 1
1, 96, 335, 131, 373, 1
1, 35, 448, 85, 370, 1
1, 157, 389, 108, 381, 1
1, 29, 487, 133, 418, 1
1, 123, 337, 130, 364, 1
1, 107, 354, 164, 361, 1
1, 61, 414, 140, 364, 1
1, 205, 326, 164, 354, 1
1, 88, 384, 61, 411, 1
1, 54, 402, 96, 396, 1
1, 15, 408, 63, 385, 1
1, 14, 438, 60, 419, 1
1, 111, 413, 152, 383, 1
1, 46, 386, 60, 393, 1
1, 126, 353, 142, 334, 1
1, 73, 431, 123, 366, 1
1, 0, 488, 60, 426, 1
1, 77, 415, 112, 345, 1
1, 8, 415, 60, 426, 1
1, 27, 488, 60, 426, 1
1, 1, 488, 64, 406, 1
1, 36, 472, 61, 427, 1
1, 159, 327, 116, 275, 1
1, 137, 335, 210, 373, 1
1, 12, 445, 65, 398, 1
1, 34, 365, 62, 426, 1
1, 0, 488, 61, 427, 1
1, 0, 488, 61, 427, 1
1, 128, 331, 146, 344, 1
1, 0, 452, 61, 425, 1
1, 13, 447, 61, 426, 1
1, 15, 486, 65, 425, 1
1, 139, 417, 143, 354, 1
1, 90, 396, 88, 367, 1
1, 112, 332, 109, 325, 1
1, 95, 401, 85, 407, 1
1, 156, 236, 162, 273, 1
1, 126, 342, 146, 317, 1
1, 97, 387, 100, 397, 1
1, 76, 433, 62, 351, 1
1, 48, 378, 114, 315, 1
1, 151, 302, 135, 283, 1
1, 101, 384, 82, 387, 1
1, 82, 362, 98, 348, 1
1, 138, 332, 151, 369, 1
1, 124, 346, 121, 317, 1
1, 77, 409, 69, 396, 1
1, 132, 311, 130, 334, 1
1, 138, 382, 102, 285, 1
1, 76, 353, 144, 402, 1
1, 129, 321, 105, 292, 1
1, 119, 315, 124, 318, 1
1, 65, 431, 63, 410, 1
1, 129, 317, 152, 374, 1
1, 143, 340, 106, 273, 1
1, 151, 327, 159, 382, 1
1, 121, 372, 87, 349, 1
1, 97, 332, 139, 340, 1
1, 20, 349, 107, 406, 1
1, 54, 398, 90, 411, 1
1, 172, 279, 176, 287, 1
1, 121, 360, 139, 386, 1
1, 128, 377, 134, 360, 1
1, 130, 309, 137, 315, 1
1, 50, 362, 165, 340, 1
1, 129, 367, 181, 313, 1
1, 162, 323, 165, 334, 1
1, 97, 363, 142, 378, 1
1, 92, 401, 61, 391, 1
1, 63, 348, 91, 424, 1
1, 170, 335, 167, 315, 1
1, 148, 341, 105, 315, 1
1, 27, 456, 61, 426, 1
1, 171, 306, 201, 348, 1
1, 100, 398, 93, 391, 1
1, 118, 405, 153, 369, 1
1, 49, 406, 67, 421, 1
1, 128, 323, 163, 348, 1
1, 133, 274, 139, 302, 1
1, 90, 409, 116, 382, 1
1, 107, 476, 61, 427, 1
1, 91, 396, 111, 387, 1
1, 24, 344, 138, 353, 1
1, 130, 322, 124, 339, 1
1, 120, 344, 80, 359, 1
1, 106, 331, 151, 375, 1
1, 99, 398, 40, 360, 1
1, 82, 434, 113, 415, 1
1, 32, 453, 131, 444, 1
1, 31, 388, 112, 459, 1
1, 66, 369, 125, 423, 1
1, 103, 411, 105, 404, 1
1, 146, 295, 212, 345, 1
1, 129, 355, 139, 359, 1
1, 141, 341, 171, 382, 1
1, 117, 275, 162, 356, 1
1, 166, 308, 173, 334, 1
1, 74, 488, 153, 407, 1
1, 79, 384, 102, 402, 1
1, 83, 373, 129, 352, 1
1, 43, 418, 65, 424, 1
1, 31, 346, 100, 425, 1
1, 112, 401, 126, 386, 1
1, 108, 349, 111, 376, 1
1, 157, 319, 147, 371, 1
1, 54, 421, 141, 374, 1
1, 0, 488, 78, 393, 1
1, 151, 310, 168, 312, 1
1, 104, 352, 34, 324, 1
1, 91, 459, 77, 446, 1
1, 36, 475, 121, 411, 1
1, 15, 473, 61, 427, 1
1, 131, 297, 127, 348, 1
1, 87, 408, 140, 347, 1
1, 93, 411, 83, 414, 1
1, 67, 401, 149, 339, 1
1, 111, 346, 130, 366, 1
1, 70, 383, 125, 376, 1
1, 72, 411, 68, 411, 1
1, 22, 488, 62, 407, 1
1, 96, 352, 99, 391, 1
1, 179, 334, 126, 327, 1
1, 0, 447, 61, 398, 1
1, 86, 387, 71, 331, 1
1, 31, 383, 66, 420, 1
1, 152, 296, 159, 291, 1
1, 132, 368, 133, 353, 1
1, 175, 330, 147, 303, 1
1, 137, 338, 130, 304, 1
1, 155, 316, 194, 365, 1
1, 144, 364, 132, 375, 1
1, 220, 314, 181, 279, 1
1, 125, 338, 177, 373, 1
1, 144, 380, 121, 399, 1
1, 55, 396, 138, 375, 1
1, 86, 361, 102, 359, 1
1, 115, 398, 72, 376, 1
1, 114, 372, 114, 394, 1
1, 79, 370, 134, 337, 1
1, 63, 451, 132, 398, 1
1, 121, 356, 97, 337, 1
1, 145, 336, 122, 376, 1
1, 103, 396, 48, 434, 1
1, 112, 399, 62, 380, 1
1, 98, 365, 122, 356, 1
1, 153, 341, 129, 369, 1
1, 156, 346, 148, 345, 1
1, 28, 470, 71, 443, 1
1, 19, 479, 42, 456, 1
1, 114, 398, 81, 437, 1
1, 13, 454, 31, 441, 1
1, 102, 333, 89, 371, 1
1, 0, 488, 35, 456, 1
1, 64, 419, 150, 351, 1
1, 76, 412, 91, 368, 1
1, 32, 488, 65, 383, 1
1, 0, 488, 31, 456, 1
1, 124, 343, 117, 379, 1
1, 14, 400, 92, 419, 1
1, 103, 403, 147, 322, 1
1, 104, 374, 31, 386, 1
1, 102, 400, 106, 376, 1
1, 53, 429, 42, 453, 1
1, 144, 336, 112, 366, 1
1, 74, 449, 71, 428, 1
1, 141, 340, 133, 346, 1
1, 137, 355, 113, 391, 1
1, 129, 321, 93, 390, 1
1, 69, 435, 125, 371, 1
1, 136, 378, 123, 338, 1
1, 79, 404, 166, 355, 1
1, 129, 356, 123, 361, 1
1, 92, 393, 114, 360, 1
1, 163, 328, 140, 301, 1
1, 153, 343, 97, 405, 1
1, 169, 325, 161, 344, 1
1, 77, 353, 95, 332, 1
1, 112, 360, 121, 330, 1
1, 127, 365, 57, 439, 1
1, 97, 394, 101, 383, 1
1, 40, 468, 38, 449, 1
1, 80, 377, 118, 371, 1
1, 154, 335, 116, 361, 1
1, 69, 414, 78, 443, 1
1, 0, 488, 31, 456, 1
1, 132, 361, 93, 358, 1
1, 108, 421, 64, 424, 1
1, 129, 354, 203, 373, 1
1, 1, 480, 121, 386, 1
1, 104, 375, 51, 414, 1
1, 120, 374, 116, 365, 1
1, 84, 417, 92, 387, 1
1, 90, 415, 113, 376, 1
1, 125, 366, 108, 364, 1
1, 140, 369, 148, 326, 1
1, 60, 433, 94, 373, 1
1, 95, 350, 101, 381, 1
1, 125, 370, 97, 365, 1
1, 84, 389, 131, 379, 1
1, 158, 432, 80, 400, 1
1, 53, 420, 57, 427, 1
1, 117, 336, 67, 380, 1
1, 147, 300, 171, 313, 1
1, 102, 422, 45, 447, 1
1, 138, 355, 109, 362, 1
1, 15, 457, 30, 449, 1
1, 41, 455, 52, 441, 1
1, 62, 406, 117, 380, 1
1, 0, 480, 116, 371, 1
1, 101, 366, 70, 359, 1
1, 93, 365, 115, 408, 1
1, 101, 369, 35, 444, 1
1, 82, 407, 68, 402, 1
1, 10, 471, 73, 412, 1
1, 92, 417, 58, 340, 1
1, 55, 461, 30, 455, 1
1, 55, 473, 93, 402, 1
1, 28, 443, 65, 446, 1
1, 82, 402, 55, 412, 1
1, 122, 362, 130, 388, 1
1, 50, 422, 44, 456, 1
1, 22, 191, 111, 222, 1
1, 156, 301, 132, 233, 1
1, 330, 466, 119, 286, 1
1, 79, 302, 183, 344, 1
1, 27, 446, 88, 392, 1
1, 115, 353, 128, 356, 1
1, 153, 365, 156, 328, 1
1, 72, 351, 140, 342, 1
1, 20, 485, 85, 389, 1
1, 205, 299, 167, 304, 1
1, 117, 332, 143, 398, 1
1, 146, 399, 148, 321, 1
1, 71, 395, 61, 379, 1
1, 124, 385, 146, 364, 1
1, 164, 336, 177, 309, 1
1, 119, 423, 62, 398, 1
1, 43, 391, 61, 425, 1
1, 85, 374, 112, 421, 1
1, 0, 488, 98, 388, 1
1, 142, 298, 176, 327, 1
1, 168, 256, 168, 270, 1
1, 135, 228, 221, 334, 1
1, 147, 233, 174, 276, 1
1, 112, 191, 213, 306, 1
1, 131, 217, 155, 248, 1
1, 190, 272, 210, 288, 1
1, 178, 259, 189, 272, 1
1, 162, 274, 163, 342, 1
1, 88, 228, 156, 318, 1
1, 95, 191, 213, 321, 1
1, 105, 202, 211, 282, 1
1, 189, 298, 186, 258, 1
1, 263, 398, 181, 277, 1
1, 112, 221, 164, 303, 1
1, 187, 293, 232, 329, 1
1, 140, 265, 149, 268, 1
1, 169, 279, 133, 254, 1
1, 130, 250, 151, 288, 1
1, 125, 226, 140, 297, 1
1, 248, 410, 195, 280, 1
1, 210, 300, 96, 269, 1
1, 146, 236, 146, 226, 1
1, 170, 291, 100, 228, 1
1, 103, 231, 194, 306, 1
1, 99, 223, 204, 350, 1
1, 139, 279, 143, 264, 1
1, 117, 258, 110, 237, 1
1, 146, 274, 138, 266, 1
1, 143, 286, 162, 281, 1
1, 160, 279, 140, 253, 1
1, 220, 334, 183, 268, 1
1, 208, 289, 211, 269, 1
1, 178, 272, 184, 264, 1
1, 134, 269, 234, 335, 1
1, 78, 235, 104, 406, 1
1, 68, 222, 197, 379, 1
1, 119, 224, 136, 235, 1
1, 251, 396, 190, 291, 1
1, 246, 425, 239, 368, 1
1, 141, 267, 157, 370, 1
1, 61, 193, 195, 317, 1
1, 145, 246, 166, 303, 1
1, 188, 337, 171, 303, 1
1, 125, 272, 95, 259, 1
1, 222, 330, 104, 241, 1
1, 169, 300, 88, 226, 1
1, 127, 272, 181, 340, 1
1, 235, 333, 210, 359, 1
1, 30, 162, 213, 311, 1
1, 122, 285, 121, 239, 1
1, 141, 228, 224, 299, 1
1, 152, 275, 178, 257, 1
1, 100, 216, 198, 323, 1
1, 118, 224, 229, 342, 1
1, 129, 308, 175, 348, 1
1, 130, 254, 257, 400, 1
1, 49, 178, 208, 365, 1
1, 210, 291, 185, 286, 1
1, 54, 204, 187, 304, 1
1, 88, 218, 201, 321, 1
1, 201, 300, 188, 320, 1
1, 107, 198, 196, 298, 1
1, 157, 239, 177, 284, 1
1, 16, 195, 164, 271, 1
1, 193, 263, 141, 247, 1
1, 186, 292, 227, 315, 1
1, 168, 338, 206, 332, 1
1, 169, 257, 227, 308, 1
1, 179, 268, 192, 254, 1
1, 170, 280, 101, 219, 1
1, 186, 298, 231, 333, 1
1, 85, 308, 158, 324, 1
1, 89, 213, 191, 284, 1
1, 257, 375, 187, 302, 1
1, 173, 239, 150, 227, 1
1, 129, 271, 140, 343, 1
1, 85, 231, 137, 277, 1
1, 170, 241, 189, 280, 1
1, 141, 258, 198, 258, 1
1, 170, 258, 192, 267, 1
1, 237, 333, 196, 277, 1
1, 171, 304, 130, 250, 1
1, 175, 264, 195, 325, 1
1, 128, 207, 151, 251, 1
1, 217, 358, 168, 284, 1
1, 139, 286, 129, 280, 1
1, 257, 422, 167, 337, 1
1, 116, 225, 161, 317, 1
1, 110, 228, 158, 274, 1
1, 79, 257, 85, 304, 1
1, 81, 200, 165, 316, 1
1, 22, 192, 189, 311, 1
1, 187, 342, 186, 288, 1
1, 116, 245, 211, 324, 1
1, 181, 309, 163, 265, 1
1, 138, 285, 142, 336, 1
1, 169, 290, 154, 257, 1
1, 73, 186, 188, 289, 1
1, 173, 255, 259, 332, 1
1, 146, 229, 178, 269, 1
1, 157, 271, 184, 302, 1
1, 174, 276, 185, 303, 1
1, 170, 321, 175, 294, 1
1, 210, 257, 180, 227, 1
1, 122, 320, 164, 280, 1
1, 226, 365, 222, 316, 1
1, 62, 310, 160, 335, 1
1, 200, 311, 202, 265, 1
1, 117, 271, 125, 316, 1
1, 222, 427, 164, 329, 1
1, 131, 251, 189, 297, 1
1, 155, 262, 160, 271, 1
1, 135, 262, 167, 289, 1
1, 113, 269, 190, 307, 1
1, 39, 212, 245, 363, 1
1, 111, 323, 154, 279, 1
1, 184, 260, 185, 266, 1
1, 171, 325, 166, 359, 1
1, 199, 305, 171, 307, 1
1, 65, 194, 168, 292, 1
1, 128, 260, 210, 366, 1
1, 157, 261, 173, 264, 1
1, 119, 237, 177, 284, 1
1, 108, 211, 174, 307, 1
1, 241, 308, 153, 257, 1
1, 149, 250, 169, 260, 1
1, 161, 330, 176, 264, 1
1, 197, 304, 184, 278, 1
1, 88, 194, 152, 273, 1
1, 211, 304, 179, 257, 1
1, 182, 297, 248, 308, 1
1, 164, 246, 220, 300, 1
1, 74, 223, 171, 304, 1
1, 109, 195, 217, 327, 1
1, 138, 244, 187, 288, 1
1, 154, 229, 207, 311, 1
1, 123, 240, 169, 339, 1
1, 187, 290, 214, 284, 1
1, 156, 249, 204, 296, 1
1, 100, 240, 125, 363, 1
1, 82, 285, 195, 325, 1
1, 133, 257, 248, 309, 1
1, 43, 199, 173, 307, 1
1, 133, 244, 226, 304, 1
1, 171, 250, 191, 280, 1
1, 164, 329, 136, 345, 1
1, 126, 211, 184, 287, 1
1, 143, 276, 177, 284, 1
1, 51, 427, 135, 387, 1
1, 116, 258, 133, 302, 1
1, 134, 265, 196, 302, 1
1, 194, 303, 111, 245, 1
1, 208, 329, 131, 248, 1
1, 208, 314, 204, 327, 1
1, 138, 237, 206, 291, 1
1, 130, 281, 153, 346, 1
1, 111, 218, 195, 337, 1
1, 175, 272, 204, 305, 1
1, 119, 254, 235, 342, 1
1, 161, 282, 175, 295, 1
1, 112, 244, 150, 290, 1
1, 197, 276, 222, 315, 1
1, 170, 268, 147, 292, 1
1, 179, 257, 145, 239, 1
1, 112, 253, 188, 274, 1
1, 155, 276, 187, 321, 1
1, 99, 265, 134, 299, 1
1, 151, 246, 184, 302, 1
1, 244, 316, 165, 310, 1
1, 105, 325, 162, 368, 1
1, 200, 295, 182, 332, 1
1, 48, 360, 90, 348, 1
1, 96, 347, 159, 292, 1
1, 86, 411, 111, 419, 1
1, 85, 384, 109, 341, 1
1, 92, 381, 104, 369, 1
1, 58, 318, 113, 339, 1
1, 134, 345, 110, 340, 1
1, 142, 375, 127, 355, 1
1, 160, 328, 163, 338, 1
1, 206, 341, 154, 285, 1
1, 152, 331, 161, 341, 1
1, 142, 325, 167, 331, 1
1, 87, 347, 120, 309, 1
1, 134, 341, 129, 390, 1
1, 12, 393, 61, 368, 1
1, 28, 469, 60, 426, 1
1, 110, 344, 91, 315, 1
1, 85, 406, 79, 365, 1
1, 99, 384, 97, 400, 1
1, 100, 369, 130, 392, 1
1, 110, 401, 66, 426, 1
1, 99, 424, 130, 379, 1
1, 81, 334, 175, 366, 1
1, 10, 477, 144, 367, 1
1, 102, 332, 112, 378, 1
1, 64, 409, 94, 364, 1
1, 130, 286, 179, 356, 1
1, 81, 463, 73, 425, 1
1, 96, 403, 143, 398, 1
1, 138, 444, 117, 370, 1
1, 2, 447, 77, 426, 1
1, 78, 396, 117, 389, 1
1, 115, 371, 75, 377, 1
1, 173, 359, 80, 278, 1
1, 73, 455, 63, 426, 1
1, 232, 296, 204, 295, 1
1, 247, 305, 184, 293, 1
1, 110, 404, 114, 383, 1
1, 44, 455, 141, 305, 1
1, 118, 334, 135, 355, 1
1, 0, 488, 61, 426, 1
1, 149, 360, 162, 324, 1
1, 199, 325, 200, 272, 1
1, 187, 325, 152, 306, 1
1, 116, 369, 102, 341, 1
1, 91, 429, 141, 335, 1
1, 22, 458, 66, 418, 1
1, 151, 362, 146, 357, 1
1, 126, 354, 137, 332, 1
1, 195, 314, 136, 394, 1
1, 204, 346, 135, 356, 1
1, 161, 315, 144, 310, 1
1, 99, 357, 100, 344, 1
1, 104, 297, 163, 356, 1
1, 77, 389, 78, 424, 1
1, 153, 341, 121, 399, 1
1, 89, 384, 150, 365, 1
1, 111, 382, 137, 417, 1
1, 23, 401, 114, 377, 1
1, 179, 366, 152, 333, 1
1, 71, 295, 165, 353, 1
1, 69, 407, 139, 344, 1
1, 163, 350, 141, 344, 1
1, 190, 283, 177, 293, 1
1, 35, 428, 153, 377, 1
1, 0, 488, 62, 426, 1
1, 156, 279, 170, 324, 1
1, 71, 436, 85, 378, 1
1, 165, 360, 114, 386, 1
1, 81, 345, 167, 338, 1
1, 67, 385, 144, 415, 1
1, 39, 405, 61, 426, 1
1, 196, 288, 181, 284, 1
1, 137, 311, 206, 345, 1
1, 63, 316, 80, 359, 1
1, 71, 385, 60, 386, 1
1, 57, 304, 107, 331, 1
1, 141, 327, 154, 305, 1
1, 169, 328, 112, 337, 1
1, 116, 325, 144, 366, 1
1, 163, 326, 162, 322, 1
1, 29, 488, 60, 426, 1
1, 164, 330, 226, 366, 1
1, 150, 337, 141, 299, 1
1, 148, 347, 111, 410, 1
1, 0, 488, 60, 426, 1
1, 0, 488, 60, 426, 1
1, 139, 374, 79, 385, 1
1, 20, 425, 89, 386, 1
1, 88, 377, 115, 380, 1
1, 139, 365, 136, 409, 1
1, 0, 488, 60, 426, 1
1, 127, 370, 98, 337, 1
1, 14, 473, 60, 395, 1
1, 126, 395, 86, 360, 1
1, 202, 308, 152, 280, 1
1, 0, 481, 99, 379, 1
1, 99, 429, 79, 331, 1
1, 147, 299, 214, 338, 1
1, 120, 264, 127, 329, 1
1, 125, 369, 104, 364, 1
1, 87, 328, 163, 326, 1
1, 131, 343, 141, 337, 1
1, 89, 383, 87, 395, 1
1, 169, 316, 182, 304, 1
1, 61, 398, 116, 406, 1
1, 167, 324, 148, 359, 1
1, 44, 434, 117, 381, 1
1, 47, 462, 96, 392, 1
1, 49, 415, 70, 414, 1
1, 0, 487, 111, 360, 1
1, 102, 388, 95, 387, 1
1, 142, 378, 171, 326, 1
1, 127, 343, 130, 320, 1
1, 143, 350, 143, 372, 1
1, 62, 420, 75, 426, 1
1, 152, 306, 81, 333, 1
1, 87, 401, 105, 389, 1
1, 42, 469, 89, 390, 1
1, 0, 487, 62, 422, 1
1, 67, 399, 60, 426, 1
1, 2, 488, 60, 426, 1
1, 120, 344, 161, 331, 1
1, 100, 365, 114, 406, 1
1, 82, 268, 178, 381, 1
1, 143, 351, 130, 316, 1
1, 96, 396, 90, 370, 1
1, 152, 302, 176, 302, 1
1, 91, 379, 96, 379, 1
1, 100, 349, 127, 356, 1
1, 0, 488, 60, 426, 1
1, 81, 423, 60, 426, 1
1, 124, 389, 103, 345, 1
1, 175, 349, 184, 299, 1
1, 227, 326, 178, 315, 1
1, 163, 331, 143, 297, 1
1, 0, 484, 80, 422, 1
1, 0, 476, 60, 426, 1
1, 134, 325, 150, 364, 1
1, 105, 416, 104, 361, 1
1, 92, 426, 188, 356, 1
1, 189, 334, 180, 328, 1
1, 80, 381, 142, 373, 1
1, 0, 486, 60, 426, 1
1, 121, 352, 98, 414, 1
1, 121, 344, 102, 361, 1
1, 86, 466, 60, 426, 1
1, 130, 331, 155, 318, 1
1, 95, 425, 66, 426, 1
1, 162, 322, 163, 340, 1
1, 116, 326, 140, 414, 1
1, 189, 323, 182, 313, 1
1, 186, 323, 178, 304, 1
1, 192, 301, 217, 324, 1
1, 152, 331, 151, 350, 1
1, 0, 488, 109, 395, 1
1, 95, 366, 123, 322, 1
1, 99, 434, 153, 416, 1
1, 113, 366, 112, 389, 1
1, 170, 320, 173, 287, 1
1, 144, 325, 131, 324, 1
1, 94, 415, 137, 348, 1
1, 19, 488, 61, 426, 1
1, 87, 393, 99, 376, 1
1, 144, 328, 207, 354, 1
1, 138, 396, 96, 370, 1
1, 20, 488, 62, 417, 1
1, 203, 321, 122, 326, 1
1, 203, 305, 179, 295, 1
1, 159, 322, 146, 338, 1
1, 136, 345, 144, 325, 1
1, 199, 265, 146, 318, 1
1, 201, 327, 177, 292, 1
1, 66, 352, 206, 353, 1
1, 125, 330, 198, 315, 1
1, 110, 381, 108, 423, 1
1, 36, 421, 124, 405, 1
1, 0, 488, 60, 426, 1
1, 0, 488, 62, 426, 1
1, 58, 470, 125, 405, 1
1, 135, 319, 129, 385, 1
1, 19, 230, 182, 426, 1
1, 23, 428, 101, 423, 1
1, 0, 401, 60, 426, 1
1, 0, 488, 60, 426, 1
1, 177, 327, 165, 319, 1
1, 160, 331, 164, 306, 1
1, 197, 311, 151, 297, 1
1, 108, 396, 88, 409, 1
1, 126, 390, 201, 426, 1
1, 81, 323, 135, 350, 1
1, 146, 325, 191, 350, 1
1, 117, 355, 138, 335, 1
1, 161, 327, 207, 334, 1
1, 0, 488, 60, 426, 1
1, 153, 357, 160, 345, 1
1, 211, 381, 114, 328, 1
1, 159, 314, 148, 338, 1
1, 0, 477, 60, 426, 1
1, 170, 340, 102, 400, 1
1, 16, 441, 61, 426, 1
1, 0, 474, 101, 419, 1
1, 79, 416, 101, 340, 1
1, 166, 280, 166, 320, 1
1, 0, 482, 60, 426, 1
1, 153, 290, 175, 317, 1
1, 142, 285, 199, 292, 1
1, 18, 321, 60, 318, 1
1, 19, 447, 60, 426, 1
1, 94, 340, 98, 353, 1
1, 125, 374, 117, 346, 1
1, 165, 290, 224, 302, 1
1, 109, 370, 94, 395, 1
1, 122, 376, 114, 422, 1
1, 38, 478, 80, 411, 1
1, 248, 329, 214, 322, 1
1, 0, 479, 61, 426, 1
1, 202, 288, 191, 284, 1
1, 205, 296, 204, 299, 1
1, 58, 446, 60, 426, 1
1, 163, 336, 146, 333, 1
1, 155, 245, 206, 318, 1
1, 0, 444, 76, 378, 1
1, 113, 369, 141, 320, 1
1, 38, 407, 60, 426, 1
1, 194, 330, 203, 325, 1
1, 138, 346, 122, 311, 1
1, 54, 426, 60, 393, 1
1, 10, 475, 60, 406, 1
1, 56, 378, 62, 364, 1
1, 0, 488, 60, 426, 1
1, 2, 487, 60, 426, 1
1, 97, 391, 85, 399, 1
1, 126, 325, 136, 344, 1
1, 0, 488, 60, 426, 1
1, 14, 465, 122, 378, 1
1, 102, 430, 96, 394, 1
1, 32, 367, 150, 408, 1
1, 30, 468, 60, 426, 1
1, 78, 465, 60, 426, 1
1, 87, 373, 113, 365, 1
1, 125, 361, 124, 343, 1
1, 123, 338, 163, 319, 1
1, 57, 391, 78, 389, 1
1, 160, 288, 153, 357, 1
1, 61, 488, 90, 376, 1
1, 85, 345, 120, 353, 1
1, 116, 377, 127, 397, 1
1, 45, 393, 141, 362, 1
1, 143, 407, 60, 307, 1
1, 47, 453, 60, 426, 1
1, 102, 393, 126, 404, 1
1, 164, 316, 163, 298, 1
1, 143, 303, 157, 289, 1
1, 155, 311, 168, 344, 1
1, 148, 402, 177, 351, 1
1, 70, 389, 122, 331, 1
1, 36, 390, 86, 416, 1
1, 111, 240, 179, 286, 1
1, 100, 347, 141, 349, 1
1, 116, 352, 141, 365, 1
1, 171, 341, 171, 340, 1
1, 167, 384, 140, 369, 1
1, 100, 389, 109, 390, 1
1, 135, 399, 108, 356, 1
1, 58, 464, 97, 373, 1
1, 136, 358, 128, 388, 1
1, 191, 398, 172, 367, 1
1, 0, 465, 60, 426, 1
1, 163, 339, 149, 316, 1
1, 238, 317, 190, 261, 1
1, 254, 416, 102, 269, 1
1, 104, 400, 81, 366, 1
1, 158, 356, 132, 307, 1
1, 205, 313, 198, 307, 1
1, 131, 385, 135, 423, 1
1, 103, 388, 69, 405, 1
1, 37, 457, 76, 426, 1
1, 72, 356, 102, 380, 1
1, 109, 424, 134, 359, 1
1, 0, 445, 109, 414, 1
1, 156, 254, 214, 306, 1
1, 6, 488, 60, 426, 1
1, 176, 377, 146, 322, 1
1, 64, 488, 60, 426, 1
1, 140, 303, 159, 361, 1
1, 161, 311, 169, 307, 1
1, 55, 429, 144, 377, 1
1, 88, 386, 195, 383, 1
1, 102, 313, 202, 345, 1
1, 167, 319, 178, 355, 1
1, 125, 319, 134, 407, 1
1, 179, 291, 136, 265, 1
1, 47, 488, 60, 399, 1
1, 183, 338, 160, 287, 1
1, 120, 352, 144, 344, 1
1, 170, 330, 128, 365, 1
1, 21, 488, 60, 426, 1
1, 56, 435, 80, 365, 1
1, 71, 465, 128, 403, 1
1, 142, 298, 127, 325, 1
1, 123, 293, 166, 373, 1
1, 65, 406, 146, 315, 1
1, 27, 415, 123, 397, 1
1, 104, 377, 105, 406, 1
1, 7, 488, 60, 426, 1
1, 112, 447, 87, 426, 1
1, 78, 404, 130, 380, 1
1, 87, 395, 76, 424, 1
1, 52, 416, 102, 426, 1
1, 117, 366, 106, 350, 1
1, 1, 425, 154, 400, 1
1, 99, 374, 164, 303, 1
1, 153, 321, 106, 375, 1
1, 142, 330, 161, 343, 1
1, 34, 468, 99, 385, 1
1, 172, 335, 162, 353, 1
1, 169, 377, 132, 397, 1
1, 110, 318, 176, 341, 1
1, 141, 349, 155, 319, 1
1, 18, 472, 95, 391, 1
1, 201, 280, 200, 275, 1
1, 70, 404, 77, 418, 1
1, 109, 393, 123, 374, 1
1, 64, 389, 60, 401, 1
1, 105, 381, 82, 426, 1
1, 151, 284, 150, 394, 1
1, 73, 356, 60, 409, 1
1, 142, 363, 141, 388, 1
1, 160, 313, 178, 317, 1
1, 221, 306, 155, 242, 1
1, 113, 357, 132, 291, 1
1, 0, 488, 61, 426, 1
1, 39, 443, 60, 379, 1
1, 171, 310, 192, 326, 1
1, 106, 376, 124, 353, 1
1, 234, 312, 234, 305, 1
1, 191, 336, 190, 331, 1
1, 134, 425, 76, 426, 1
1, 68, 386, 88, 425, 1
1, 112, 402, 123, 411, 1
1, 169, 294, 157, 289, 1
1, 94, 455, 72, 396, 1
1, 41, 488, 103, 405, 1
1, 0, 488, 60, 426, 1
1, 0, 488, 61, 426, 1
1, 72, 487, 60, 426, 1
1, 82, 366, 152, 336, 1
1, 195, 298, 208, 339, 1
1, 127, 369, 119, 369, 1
1, 35, 388, 64, 415, 1
1, 111, 424, 111, 374, 1
1, 125, 307, 165, 334, 1
1, 96, 323, 74, 399, 1
1, 110, 279, 150, 332, 1
1, 155, 384, 136, 377, 1
1, 164, 335, 200, 324, 1
1, 158, 297, 189, 309, 1
1, 135, 312, 165, 329, 1
1, 87, 406, 117, 361, 1
1, 0, 484, 62, 426, 1
1, 90, 361, 187, 415, 1
1, 107, 363, 92, 357, 1
1, 167, 265, 188, 301, 1
1, 87, 284, 148, 334, 1
1, 58, 458, 77, 426, 1
1, 115, 350, 180, 388, 1
1, 64, 415, 60, 426, 1
1, 130, 399, 125, 418, 1
1, 216, 288, 199, 273, 1
1, 182, 270, 197, 296, 1
1, 100, 359, 134, 409, 1
1, 175, 324, 159, 345, 1
1, 137, 393, 131, 418, 1
1, 139, 377, 121, 350, 1
1, 50, 396, 123, 364, 1
1, 185, 333, 130, 320, 1
1, 85, 355, 150, 370, 1
1, 137, 297, 121, 339, 1
1, 137, 304, 172, 330, 1
1, 95, 473, 133, 369, 1
1, 87, 329, 162, 378, 1
1, 113, 405, 130, 394, 1
1, 101, 396, 61, 416, 1
1, 0, 450, 134, 406, 1
1, 54, 430, 60, 426, 1
1, 60, 444, 76, 426, 1
1, 139, 335, 166, 349, 1
1, 8, 463, 60, 426, 1
1, 165, 347, 159, 350, 1
1, 196, 290, 203, 293, 1
1, 67, 411, 108, 423, 1
1, 182, 358, 97, 346, 1
1, 144, 348, 171, 336, 1
1, 0, 488, 61, 426, 1
1, 0, 488, 60, 426, 1
1, 110, 383, 127, 389, 1
1, 100, 425, 133, 381, 1
1, 160, 342, 152, 349, 1
1, 88, 380, 87, 426, 1
1, 44, 458, 87, 390, 1
1, 135, 342, 161, 342, 1
1, 107, 362, 126, 391, 1
1, 129, 342, 89, 304, 1
1, 193, 416, 101, 341, 1
1, 100, 424, 93, 377, 1
1, 109, 353, 65, 426, 1
1, 143, 348, 148, 298, 1
1, 173, 244, 192, 243, 1
1, 92, 363, 136, 391, 1
1, 163, 346, 142, 325, 1
1, 46, 397, 60, 426, 1
1, 90, 282, 168, 322, 1
1, 0, 488, 63, 426, 1
1, 53, 429, 101, 375, 1
1, 31, 364, 60, 426, 1
1, 154, 364, 150, 340, 1
1, 17, 459, 73, 426, 1
1, 70, 488, 101, 426, 1
1, 7, 447, 113, 372, 1
1, 122, 347, 124, 315, 1
1, 155, 352, 166, 320, 1
1, 179, 352, 176, 329, 1
1, 81, 450, 172, 377, 1
1, 164, 358, 161, 331, 1
1, 20, 469, 61, 426, 1
1, 168, 290, 190, 318, 1
1, 165, 405, 114, 378, 1
1, 78, 407, 162, 326, 1
1, 154, 320, 149, 292, 1
1, 168, 271, 209, 309, 1
1, 88, 365, 119, 385, 1
1, 72, 407, 113, 412, 1
1, 202, 338, 164, 271, 1
1, 160, 376, 122, 318, 1
1, 144, 402, 80, 426, 1
1, 63, 318, 181, 347, 1
1, 156, 319, 135, 280, 1
1, 186, 311, 176, 297, 1
1, 85, 318, 139, 263, 1
1, 172, 257, 156, 291, 1
1, 77, 472, 142, 394, 1
1, 0, 488, 125, 413, 1
1, 182, 301, 182, 271, 1
1, 26, 451, 105, 426, 1
1, 144, 287, 108, 249, 1
1, 174, 339, 146, 319, 1
1, 224, 332, 167, 275, 1
1, 174, 320, 161, 345, 1
1, 118, 372, 113, 388, 1
1, 233, 328, 225, 309, 1
1, 54, 353, 85, 363, 1
1, 64, 381, 125, 372, 1
1, 34, 387, 60, 426, 1
1, 142, 363, 133, 303, 1
1, 138, 319, 140, 334, 1
1, 77, 327, 166, 383, 1
1, 99, 389, 60, 426, 1
1, 121, 346, 129, 349, 1
1, 116, 338, 153, 339, 1
1, 196, 341, 199, 332, 1
1, 7, 479, 60, 426, 1
1, 135, 404, 114, 361, 1
1, 70, 270, 148, 302, 1
1, 106, 290, 193, 309, 1
1, 186, 353, 161, 397, 1
1, 111, 377, 152, 309, 1
1, 103, 404, 97, 352, 1
1, 214, 319, 152, 269, 1
1, 76, 376, 65, 426, 1
1, 137, 285, 66, 383, 1
1, 184, 348, 101, 364, 1
1, 72, 300, 109, 405, 1
1, 63, 488, 126, 324, 1
1, 150, 359, 110, 420, 1
1, 2, 488, 67, 426, 1
1, 127, 303, 201, 326, 1
1, 114, 436, 109, 409, 1
1, 0, 488, 60, 426, 1
1, 57, 371, 128, 389, 1
1, 152, 356, 161, 359, 1
1, 157, 405, 127, 375, 1
1, 176, 398, 181, 346, 1
1, 141, 319, 136, 363, 1
1, 137, 342, 156, 354, 1
1, 193, 331, 81, 353, 1
1, 0, 488, 84, 426, 1
1, 5, 481, 76, 426, 1
1, 7, 481, 62, 426, 1
1, 48, 436, 84, 391, 1
1, 152, 305, 196, 305, 1
1, 0, 488, 60, 426, 1
1, 105, 294, 154, 311, 1
1, 58, 379, 130, 348, 1
1, 97, 331, 117, 315, 1
1, 0, 487, 60, 426, 1
1, 0, 488, 62, 426, 1
1, 131, 339, 88, 358, 1
1, 9, 461, 87, 410, 1
1, 83, 418, 90, 369, 1
1, 178, 294, 187, 297, 1
1, 153, 272, 202, 301, 1
1, 0, 488, 60, 426, 1
1, 0, 396, 66, 426, 1
1, 143, 337, 73, 368, 1
1, 105, 442, 146, 405, 1
1, 197, 399, 145, 309, 1
1, 72, 404, 133, 324, 1
1, 91, 353, 178, 403, 1
1, 153, 302, 200, 343, 1
1, 65, 488, 60, 426, 1
1, 0, 488, 60, 426, 1
1, 204, 319, 159, 280, 1
1, 31, 438, 98, 348, 1
1, 104, 401, 114, 426, 1
1, 0, 488, 94, 426, 1
1, 85, 409, 93, 394, 1
1, 251, 302, 193, 259, 1
1, 182, 385, 101, 322, 1
1, 149, 307, 192, 356, 1
1, 221, 294, 225, 284, 1
1, 218, 333, 185, 273, 1
1, 183, 271, 202, 279, 1
1, 209, 271, 207, 259, 1
1, 213, 317, 205, 281, 1
1, 213, 286, 202, 289, 1
1, 125, 359, 149, 322, 1
1, 171, 290, 197, 314, 1
1, 213, 283, 207, 277, 1
1, 198, 302, 174, 272, 1
1, 194, 302, 197, 279, 1
1, 213, 275, 202, 246, 1
1, 195, 257, 223, 291, 1
1, 13, 452, 82, 405, 1
1, 179, 263, 135, 212, 1
1, 59, 432, 141, 405, 1
1, 180, 285, 179, 296, 1
1, 141, 363, 144, 358, 1
1, 206, 302, 169, 277, 1
1, 164, 298, 195, 299, 1
1, 218, 324, 195, 292, 1
1, 137, 382, 131, 375, 1
1, 186, 295, 231, 302, 1
1, 194, 283, 217, 264, 1
1, 175, 321, 222, 317, 1
1, 209, 268, 195, 279, 1
1, 213, 275, 197, 266, 1
1, 209, 303, 203, 318, 1
1, 190, 305, 177, 332, 1
1, 209, 302, 220, 289, 1
1, 128, 302, 142, 295, 1
1, 233, 281, 218, 260, 1
1, 198, 290, 162, 231, 1
1, 209, 305, 195, 277, 1
1, 200, 276, 183, 288, 1
1, 186, 305, 172, 287, 1
1, 221, 283, 197, 277, 1
1, 195, 284, 189, 265, 1
1, 186, 290, 195, 279, 1
1, 198, 347, 164, 322, 1
1, 149, 328, 165, 325, 1
1, 198, 305, 210, 294, 1
1, 156, 366, 121, 281, 1
1, 183, 317, 177, 307, 1
1, 202, 294, 212, 276, 1
1, 221, 286, 212, 259, 1
1, 144, 343, 125, 352, 1
1, 209, 290, 202, 281, 1
1, 202, 279, 202, 287, 1
1, 52, 404, 86, 399, 1
1, 125, 258, 177, 312, 1
1, 115, 337, 108, 368, 1
1, 171, 281, 206, 318, 1
1, 198, 271, 217, 274, 1
1, 217, 324, 205, 284, 1
1, 210, 290, 230, 319, 1
1, 187, 298, 217, 304, 1
1, 184, 318, 196, 323, 1
1, 143, 337, 159, 344, 1
1, 149, 317, 136, 299, 1
1, 111, 349, 84, 400, 1
1, 179, 268, 187, 261, 1
1, 190, 324, 154, 319, 1
1, 187, 347, 189, 310, 1
1, 213, 317, 205, 297, 1
1, 237, 334, 214, 333, 1
1, 187, 283, 212, 312, 1
1, 213, 286, 187, 269, 1
1, 176, 265, 223, 322, 1
1, 178, 273, 242, 334, 1
1, 86, 338, 130, 315, 1
1, 180, 248, 202, 320, 1
1, 194, 286, 273, 332, 1
1, 121, 303, 100, 398, 1
1, 39, 362, 114, 361, 1
1, 226, 286, 214, 271, 1
1, 205, 280, 211, 271, 1
1, 210, 321, 192, 304, 1
1, 129, 309, 167, 327, 1
1, 230, 292, 224, 289, 1
1, 187, 267, 172, 259, 1
1, 68, 431, 81, 405, 1
1, 156, 317, 212, 324, 1
1, 145, 344, 164, 350, 1
1, 232, 321, 200, 264, 1
1, 206, 283, 197, 271, 1
1, 164, 240, 210, 297, 1
1, 150, 313, 197, 302, 1
1, 198, 275, 195, 269, 1
1, 102, 365, 104, 350, 1
1, 213, 271, 212, 281, 1
1, 141, 264, 240, 324, 1
1, 186, 290, 205, 294, 1
1, 102, 451, 95, 383, 1
1, 183, 298, 202, 304, 1
1, 136, 329, 179, 302, 1
1, 170, 325, 180, 331, 1
1, 213, 353, 190, 301, 1
1, 183, 309, 212, 330, 1
1, 206, 283, 212, 269, 1
1, 190, 286, 159, 266, 1
1, 221, 302, 195, 274, 1
1, 217, 321, 197, 269, 1
1, 142, 296, 179, 345, 1
1, 168, 365, 189, 324, 1
1, 229, 313, 197, 279, 1
1, 0, 488, 81, 404, 1
1, 194, 322, 144, 315, 1
1, 190, 366, 226, 335, 1
1, 217, 298, 205, 340, 1
1, 155, 269, 187, 326, 1
1, 159, 345, 198, 349, 1
1, 203, 314, 191, 304, 1
1, 194, 305, 187, 291, 1
1, 221, 275, 217, 256, 1
1, 225, 298, 202, 261, 1
1, 85, 414, 86, 393, 1
1, 161, 358, 173, 301, 1
1, 103, 397, 91, 360, 1
1, 171, 290, 169, 266, 1
1, 139, 388, 180, 304, 1
1, 218, 304, 182, 279, 1
1, 176, 340, 149, 319, 1
1, 141, 367, 179, 314, 1
1, 213, 260, 225, 266, 1
1, 225, 313, 202, 299, 1
1, 219, 279, 215, 268, 1
1, 91, 443, 81, 405, 1
1, 144, 216, 173, 236, 1
1, 165, 354, 147, 335, 1
1, 244, 340, 215, 294, 1
1, 206, 317, 179, 271, 1
1, 175, 305, 185, 299, 1
1, 197, 288, 205, 308, 1
1, 167, 332, 168, 362, 1
1, 210, 268, 208, 271, 1
1, 213, 298, 187, 276, 1
1, 217, 309, 230, 312, 1
1, 202, 332, 167, 254, 1
1, 195, 271, 187, 264, 1
1, 129, 358, 117, 352, 1
1, 126, 349, 186, 376, 1
1, 126, 302, 189, 344, 1
1, 183, 351, 162, 324, 1
1, 227, 265, 239, 285, 1
1, 160, 318, 171, 331, 1
1, 176, 306, 193, 308, 1
1, 195, 349, 153, 339, 1
1, 206, 356, 168, 269, 1
1, 201, 345, 150, 275, 1
1, 210, 283, 179, 254, 1
1, 171, 283, 172, 271, 1
1, 183, 305, 228, 327, 1
1, 183, 248, 228, 284, 1
1, 53, 187, 179, 274, 1
1, 1, 482, 81, 404, 1
1, 149, 283, 268, 347, 1
1, 148, 288, 167, 348, 1
1, 149, 324, 134, 289, 1
1, 171, 316, 138, 299, 1
1, 71, 266, 141, 338, 1
1, 152, 279, 210, 304, 1
1, 179, 309, 174, 289, 1
1, 241, 281, 238, 276, 1
1, 206, 321, 164, 261, 1
1, 225, 286, 205, 281, 1
1, 190, 275, 243, 307, 1
1, 206, 275, 212, 271, 1
1, 232, 263, 215, 248, 1
1, 198, 301, 200, 297, 1
1, 116, 349, 119, 352, 1
1, 183, 290, 207, 309, 1
1, 171, 275, 212, 314, 1
1, 163, 258, 161, 248, 1
1, 259, 336, 212, 325, 1
1, 184, 267, 220, 286, 1
1, 228, 283, 197, 262, 1
1, 154, 303, 174, 310, 1
1, 205, 283, 223, 297, 1
1, 152, 298, 165, 303, 1
1, 220, 264, 205, 264, 1
1, 220, 340, 165, 292, 1
1, 152, 326, 182, 305, 1
1, 229, 272, 215, 268, 1
1, 202, 283, 212, 281, 1
1, 190, 313, 187, 312, 1
1, 225, 283, 238, 277, 1
1, 221, 275, 215, 266, 1
1, 202, 287, 210, 281, 1
1, 198, 282, 178, 265, 1
1, 160, 327, 151, 327, 1
1, 164, 321, 185, 287, 1
1, 164, 321, 185, 287, 1
1, 183, 340, 179, 309, 1
1, 217, 279, 200, 277, 1
1, 213, 271, 222, 277, 1
1, 213, 264, 217, 261, 1
1, 198, 313, 182, 322, 1
1, 225, 271, 217, 269, 1
1, 206, 302, 192, 287, 1
1, 217, 275, 220, 274, 1
1, 232, 279, 222, 259, 1
1, 225, 260, 210, 243, 1
1, 164, 317, 126, 324, 1
1, 202, 298, 192, 281, 1
1, 198, 294, 169, 319, 1
1, 194, 283, 185, 274, 1
1, 206, 271, 189, 287, 1
1, 213, 290, 192, 274, 1
1, 187, 295, 189, 275, 1
1, 221, 283, 202, 274, 1
1, 229, 283, 216, 261, 1
1, 206, 283, 207, 281, 1
1, 200, 283, 208, 281, 1
1, 172, 293, 164, 309, 1
1, 177, 302, 179, 304, 1
1, 221, 268, 215, 269, 1
1, 213, 268, 217, 266, 1
1, 225, 275, 212, 266, 1
1, 67, 324, 146, 361, 1
1, 183, 332, 167, 314, 1
1, 129, 309, 157, 368, 1
1, 152, 313, 164, 330, 1
1, 219, 274, 213, 269, 1
1, 213, 279, 195, 274, 1
1, 209, 275, 205, 254, 1
1, 190, 271, 195, 266, 1
1, 179, 302, 189, 289, 1
1, 221, 275, 220, 269, 1
1, 220, 270, 210, 267, 1
1, 198, 275, 202, 287, 1
1, 217, 260, 212, 251, 1
1, 229, 279, 217, 264, 1
1, 198, 286, 207, 264, 1
1, 121, 486, 81, 405, 1
1, 133, 374, 118, 332, 1
1, 152, 319, 176, 311, 1
1, 148, 338, 146, 361, 1
1, 206, 283, 212, 271, 1
1, 0, 457, 124, 343, 1
1, 221, 268, 215, 261, 1
1, 65, 281, 125, 329, 1
1, 227, 279, 215, 278, 1
1, 179, 325, 167, 312, 1
1, 213, 264, 225, 261, 1
1, 171, 305, 188, 290, 1
1, 196, 307, 193, 266, 1
1, 169, 348, 125, 317, 1
1, 196, 275, 234, 318, 1
1, 79, 391, 107, 390, 1
1, 194, 302, 164, 287, 1
1, 194, 252, 230, 277, 1
1, 187, 343, 118, 292, 1
1, 100, 333, 161, 380, 1
1, 213, 271, 215, 256, 1
1, 208, 281, 218, 281, 1
1, 2, 488, 80, 406, 1
1, 156, 305, 164, 320, 1
1, 171, 298, 179, 317, 1
1, 172, 303, 142, 288, 1
1, 194, 302, 179, 259, 1
1, 183, 264, 179, 248, 1
1, 183, 309, 184, 297, 1
1, 190, 291, 200, 324, 1
1, 206, 256, 205, 256, 1
1, 226, 273, 220, 269, 1
1, 175, 302, 167, 302, 1
1, 175, 305, 189, 289, 1
1, 198, 298, 212, 274, 1
1, 173, 305, 142, 286, 1
1, 202, 275, 189, 277, 1
1, 194, 329, 174, 337, 1
1, 229, 290, 222, 294, 1
1, 202, 298, 200, 304, 1
1, 194, 336, 134, 256, 1
1, 194, 305, 205, 284, 1
1, 213, 260, 215, 269, 1
1, 211, 287, 165, 253, 1
1, 202, 302, 187, 277, 1
1, 126, 308, 191, 392, 1
1, 201, 296, 215, 305, 1
1, 171, 342, 186, 331, 1
1, 198, 298, 210, 287, 1
1, 206, 302, 189, 277, 1
1, 209, 283, 207, 283, 1
1, 171, 283, 159, 277, 1
1, 138, 330, 128, 372, 1
1, 209, 279, 225, 269, 1
1, 187, 277, 187, 265, 1
1, 165, 307, 205, 336, 1
1, 198, 325, 159, 282, 1
1, 221, 257, 214, 253, 1
1, 247, 305, 212, 274, 1
1, 213, 332, 174, 294, 1
1, 206, 267, 205, 269, 1
1, 217, 297, 209, 273, 1
1, 164, 283, 172, 302, 1
1, 221, 264, 210, 254, 1
1, 219, 273, 225, 272, 1
1, 183, 245, 205, 284, 1
1, 221, 271, 228, 274, 1
1, 160, 230, 204, 284, 1
1, 187, 297, 168, 278, 1
1, 202, 279, 174, 254, 1
1, 194, 275, 192, 274, 1
1, 222, 297, 209, 303, 1
1, 221, 309, 192, 264, 1
1, 0, 392, 146, 368, 1
1, 191, 248, 217, 267, 1
1, 225, 278, 173, 231, 1
1, 175, 347, 162, 335, 1
1, 217, 284, 200, 268, 1
1, 202, 309, 177, 287, 1
1, 194, 302, 167, 291, 1
1, 194, 271, 200, 284, 1
1, 169, 341, 154, 329, 1
1, 225, 271, 222, 277, 1
1, 225, 271, 228, 261, 1
1, 240, 271, 239, 276, 1
1, 147, 274, 167, 267, 1
1, 213, 321, 207, 309, 1
1, 191, 330, 188, 321, 1
1, 196, 305, 215, 344, 1
1, 206, 282, 197, 284, 1
1, 198, 290, 205, 287, 1
1, 206, 275, 222, 282, 1
1, 199, 277, 201, 322, 1
1, 198, 329, 164, 322, 1
1, 187, 279, 212, 292, 1
1, 144, 388, 158, 364, 1
1, 209, 275, 228, 297, 1
1, 213, 267, 228, 271, 1
1, 217, 256, 230, 259, 1
1, 180, 304, 172, 261, 1
1, 93, 286, 121, 313, 1
1, 184, 256, 239, 292, 1
1, 159, 256, 200, 322, 1
1, 167, 264, 205, 289, 1
1, 118, 364, 161, 389, 1
1, 40, 393, 82, 403, 1
1, 145, 264, 179, 282, 1
1, 188, 324, 143, 310, 1
1, 202, 267, 210, 289, 1
1, 68, 382, 154, 319, 1
1, 229, 325, 177, 287, 1
1, 178, 286, 187, 300, 1
1, 201, 292, 165, 264, 1
1, 206, 271, 212, 271, 1
1, 217, 279, 219, 276, 1
1, 159, 344, 148, 301, 1
1, 175, 321, 166, 327, 1
1, 183, 294, 205, 274, 1
1, 229, 292, 197, 274, 1
1, 190, 329, 136, 261, 1
1, 162, 348, 174, 334, 1
1, 183, 268, 182, 271, 1
1, 235, 317, 178, 240, 1
1, 217, 298, 215, 289, 1
1, 194, 284, 189, 279, 1
1, 221, 290, 197, 254, 1
1, 198, 286, 161, 287, 1
1, 182, 297, 173, 282, 1
1, 180, 277, 174, 255, 1
1, 213, 305, 195, 287, 1
1, 179, 256, 179, 248, 1
1, 194, 309, 189, 322, 1
1, 91, 325, 124, 335, 1
1, 202, 325, 215, 281, 1
1, 198, 309, 164, 274, 1
1, 232, 263, 222, 251, 1
1, 193, 330, 172, 325, 1
1, 168, 360, 108, 278, 1
1, 232, 289, 198, 273, 1
1, 218, 270, 212, 266, 1
1, 171, 305, 182, 312, 1
1, 179, 332, 139, 314, 1
1, 152, 343, 131, 259, 1
1, 38, 408, 81, 403, 1
1, 81, 375, 102, 402, 1
1, 209, 286, 207, 284, 1
1, 210, 251, 197, 243, 1
1, 207, 333, 189, 298, 1
1, 186, 357, 119, 306, 1
1, 126, 350, 106, 403, 1
1, 216, 279, 210, 271, 1
1, 129, 374, 115, 332, 1
1, 152, 340, 192, 307, 1
1, 166, 324, 177, 344, 1
1, 171, 317, 212, 310, 1
1, 159, 326, 159, 302, 1
1, 221, 271, 222, 274, 1
1, 177, 390, 186, 299, 1
1, 231, 255, 223, 251, 1
1, 225, 260, 222, 251, 1
1, 120, 296, 165, 380, 1
1, 202, 309, 210, 287, 1
1, 225, 282, 192, 263, 1
1, 117, 373, 141, 340, 1
1, 197, 304, 205, 284, 1
1, 200, 285, 208, 290, 1
1, 215, 306, 169, 274, 1
1, 229, 271, 215, 256, 1
1, 209, 280, 204, 258, 1
1, 194, 302, 205, 319, 1
1, 194, 308, 163, 272, 1
1, 207, 254, 263, 312, 1
1, 225, 283, 215, 271, 1
1, 171, 302, 195, 314, 1
1, 198, 290, 207, 302, 1
1, 171, 329, 131, 287, 1
1, 141, 221, 255, 322, 1
1, 216, 291, 175, 265, 1
1, 209, 286, 212, 284, 1
1, 206, 313, 258, 372, 1
1, 198, 285, 192, 286, 1
1, 198, 332, 151, 289, 1
1, 263, 306, 178, 238, 1
1, 209, 294, 189, 335, 1
1, 171, 282, 169, 289, 1
1, 158, 293, 156, 307, 1
1, 137, 344, 179, 287, 1
1, 206, 279, 200, 271, 1
1, 214, 295, 202, 281, 1
1, 163, 263, 191, 268, 1
1, 213, 321, 195, 279, 1
1, 177, 253, 208, 314, 1
1, 212, 319, 191, 279, 1
1, 194, 294, 190, 261, 1
1, 225, 283, 212, 266, 1
1, 125, 342, 99, 376, 1
1, 194, 271, 187, 286, 1
1, 190, 275, 217, 314, 1
1, 200, 304, 194, 326, 1
1, 190, 275, 240, 337, 1
1, 226, 274, 244, 290, 1
1, 185, 313, 182, 291, 1
1, 178, 256, 241, 304, 1
1, 125, 335, 186, 403, 1
1, 183, 263, 217, 304, 1
1, 190, 279, 235, 332, 1
1, 111, 268, 184, 352, 1
1, 192, 311, 155, 309, 1
1, 171, 301, 164, 302, 1
1, 0, 286, 81, 405, 1
1, 203, 286, 206, 300, 1
1, 203, 295, 198, 272, 1
1, 190, 256, 207, 279, 1
1, 183, 244, 235, 297, 1
1, 202, 286, 190, 271, 1
1, 79, 345, 146, 349, 1
1, 152, 336, 177, 350, 1
1, 188, 270, 252, 313, 1
1, 87, 380, 109, 365, 1
1, 210, 290, 215, 276, 1
1, 146, 310, 134, 329, 1
1, 198, 233, 250, 276, 1
1, 196, 273, 248, 296, 1
1, 120, 361, 130, 376, 1
1, 283, 346, 237, 306, 1
1, 232, 309, 220, 294, 1
1, 179, 321, 185, 322, 1
1, 239, 276, 215, 268, 1
1, 126, 279, 157, 284, 1
1, 16, 451, 81, 377, 1
1, 212, 308, 241, 318, 1
1, 206, 275, 243, 327, 1
1, 190, 294, 192, 337, 1
1, 202, 305, 212, 327, 1
1, 125, 381, 162, 388, 1
1, 213, 290, 205, 281, 1
1, 190, 263, 240, 332, 1
1, 231, 364, 102, 248, 1
1, 231, 282, 192, 241, 1
1, 205, 299, 206, 317, 1
1, 152, 344, 192, 368, 1
1, 206, 290, 210, 304, 1
1, 175, 286, 172, 269, 1
1, 156, 244, 207, 332, 1
1, 12, 344, 157, 398, 1
1, 203, 269, 206, 288, 1
1, 213, 277, 216, 267, 1
1, 213, 271, 217, 264, 1
1, 102, 393, 122, 351, 1
1, 126, 299, 159, 328, 1
1, 213, 324, 179, 271, 1
1, 49, 439, 98, 383, 1
1, 126, 340, 129, 332, 1
1, 194, 309, 177, 286, 1
1, 194, 313, 185, 299, 1
1, 202, 301, 202, 289, 1
1, 183, 279, 205, 291, 1
1, 188, 311, 232, 319, 1
1, 167, 332, 152, 352, 1
1, 175, 286, 210, 324, 1
1, 174, 356, 184, 373, 1
1, 115, 339, 132, 368, 1
1, 218, 252, 246, 281, 1
1, 136, 377, 107, 379, 1
1, 206, 309, 197, 284, 1
1, 109, 312, 135, 328, 1
1, 178, 310, 243, 355, 1
1, 207, 268, 197, 277, 1
1, 163, 325, 227, 320, 1
1, 54, 487, 81, 404, 1
1, 143, 306, 129, 329, 1
1, 171, 241, 205, 261, 1
1, 201, 290, 174, 305, 1
1, 176, 305, 180, 301, 1
1, 190, 298, 187, 290, 1
1, 175, 309, 154, 277, 1
1, 198, 309, 192, 319, 1
1, 194, 317, 187, 287, 1
1, 65, 328, 120, 330, 1
1, 202, 294, 162, 312, 1
1, 190, 290, 192, 324, 1
1, 179, 317, 192, 287, 1
1, 179, 302, 171, 307, 1
1, 190, 279, 174, 294, 1
1, 184, 299, 192, 320, 1
1, 192, 326, 179, 295, 1
1, 219, 275, 207, 277, 1
1, 111, 225, 231, 352, 1
1, 221, 283, 260, 302, 1
1, 99, 400, 86, 375, 1
1, 190, 268, 195, 287, 1
1, 198, 401, 172, 281, 1
1, 219, 282, 227, 270, 1
1, 232, 260, 221, 268, 1
1, 194, 290, 195, 281, 1
1, 171, 322, 194, 304, 1
1, 175, 228, 221, 273, 1
1, 152, 324, 126, 307, 1
1, 198, 256, 245, 309, 1
1, 209, 281, 189, 286, 1
1, 190, 283, 182, 299, 1
1, 189, 287, 169, 322, 1
1, 164, 271, 187, 294, 1
1, 212, 298, 220, 279, 1
1, 172, 274, 234, 313, 1
1, 206, 271, 210, 277, 1
1, 183, 317, 192, 289, 1
1, 148, 341, 118, 289, 1
1, 154, 354, 135, 344, 1
1, 198, 309, 144, 337, 1
1, 183, 336, 152, 322, 1
1, 221, 305, 200, 284, 1
1, 202, 290, 233, 312, 1
1, 42, 427, 81, 405, 1
1, 155, 334, 173, 333, 1
1, 217, 263, 215, 269, 1
1, 68, 431, 81, 405, 1
1, 213, 275, 218, 272, 1
1, 221, 269, 219, 284, 1
1, 225, 275, 207, 266, 1
1, 213, 275, 230, 274, 1
1, 159, 379, 214, 333, 1
1, 213, 305, 210, 294, 1
1, 195, 286, 200, 295, 1
1, 213, 275, 215, 277, 1
1, 217, 283, 207, 264, 1
1, 190, 305, 177, 299, 1
1, 157, 337, 178, 362, 1
1, 82, 392, 168, 383, 1
1, 57, 432, 94, 363, 1
1, 30, 435, 123, 406, 1
1, 129, 317, 131, 305, 1
1, 170, 332, 153, 357, 1
1, 152, 279, 172, 291, 1
1, 132, 388, 108, 371, 1
1, 175, 298, 187, 302, 1
1, 183, 305, 189, 299, 1
1, 202, 294, 185, 291, 1
1, 158, 316, 173, 305, 1
1, 56, 382, 132, 369, 1
1, 178, 311, 202, 301, 1
1, 232, 286, 197, 254, 1
1, 156, 347, 91, 352, 1
1, 169, 290, 169, 333, 1
1, 106, 321, 164, 345, 1
1, 243, 290, 305, 363, 1
1, 137, 336, 202, 367, 1
1, 166, 454, 185, 338, 1
1, 225, 295, 184, 258, 1
1, 113, 332, 134, 378, 1
1, 206, 321, 238, 375, 1
1, 213, 324, 202, 329, 1
1, 192, 293, 181, 278, 1
1, 190, 290, 167, 248, 1
1, 202, 315, 163, 298, 1
1, 146, 473, 127, 404, 1
1, 179, 305, 205, 291, 1
1, 225, 267, 217, 261, 1
1, 230, 283, 213, 259, 1
1, 152, 313, 172, 324, 1
1, 198, 313, 212, 319, 1
1, 179, 242, 137, 206, 1
1, 130, 342, 157, 307, 1
1, 0, 413, 81, 406, 1
1, 85, 373, 83, 313, 1
1, 179, 240, 240, 302, 1
1, 202, 283, 217, 281, 1
1, 194, 321, 197, 294, 1
1, 192, 380, 174, 319, 1
1, 187, 294, 204, 294, 1
1, 190, 344, 174, 335, 1
1, 244, 298, 263, 307, 1
1, 242, 286, 287, 331, 1
1, 174, 276, 176, 323, 1
1, 184, 311, 140, 311, 1
1, 166, 325, 172, 357, 1
1, 171, 305, 154, 299, 1
1, 175, 286, 152, 271, 1
1, 171, 326, 186, 359, 1
1, 171, 330, 183, 322, 1
1, 155, 456, 82, 383, 1
1, 205, 292, 199, 311, 1
1, 95, 408, 102, 395, 1
1, 194, 256, 200, 271, 1
1, 210, 313, 230, 324, 1
1, 106, 301, 192, 297, 1
1, 129, 412, 202, 329, 1
1, 164, 298, 177, 277, 1
1, 108, 363, 82, 369, 1
1, 232, 294, 220, 269, 1
1, 167, 287, 197, 313, 1
1, 167, 321, 175, 310, 1
1, 194, 317, 191, 271, 1
1, 215, 267, 221, 266, 1
1, 221, 275, 202, 269, 1
1, 145, 321, 113, 302, 1
1, 232, 267, 233, 261, 1
1, 196, 308, 199, 287, 1
1, 209, 286, 187, 289, 1
1, 112, 368, 165, 331, 1
1, 225, 279, 210, 279, 1
1, 221, 275, 220, 264, 1
1, 221, 279, 210, 271, 1
1, 159, 322, 172, 309, 1
1, 213, 283, 197, 264, 1
1, 232, 267, 212, 254, 1
1, 221, 290, 215, 261, 1
1, 138, 350, 139, 391, 1
1, 70, 383, 81, 405, 1
1, 202, 271, 197, 264, 1
1, 113, 299, 156, 308, 1
1, 156, 294, 207, 337, 1
1, 167, 286, 230, 329, 1
1, 118, 393, 81, 327, 1
1, 213, 279, 212, 276, 1
1, 198, 309, 255, 332, 1
1, 132, 363, 98, 391, 1
1, 2, 475, 82, 405, 1
1, 113, 234, 121, 293, 1
1, 202, 267, 202, 251, 1
1, 225, 264, 197, 246, 1
1, 236, 283, 250, 294, 1
1, 36, 360, 109, 393, 1
1, 199, 313, 171, 265, 1
1, 198, 283, 215, 274, 1
1, 190, 302, 205, 307, 1
1, 58, 353, 123, 401, 1
1, 79, 425, 110, 373, 1
1, 156, 200, 230, 275, 1
1, 175, 336, 210, 332, 1
1, 50, 365, 84, 363, 1
1, 72, 378, 139, 357, 1
1, 175, 279, 223, 294, 1
1, 194, 280, 219, 290, 1
1, 217, 271, 212, 256, 1
1, 214, 260, 234, 284, 1
1, 179, 317, 212, 360, 1
1, 198, 300, 261, 353, 1
1, 190, 305, 250, 340, 1
1, 142, 345, 139, 305, 1
1, 286, 344, 192, 254, 1
1, 203, 288, 195, 289, 1
1, 193, 288, 221, 342, 1
1, 206, 340, 164, 266, 1
1, 225, 302, 197, 289, 1
1, 198, 298, 192, 271, 1
1, 49, 408, 86, 400, 1
1, 113, 408, 140, 387, 1
1, 205, 276, 233, 305, 1
1, 209, 275, 182, 256, 1
1, 200, 302, 230, 321, 1
1, 139, 340, 153, 351, 1
1, 195, 435, 180, 399, 1
1, 172, 339, 138, 332, 1
1, 154, 343, 114, 336, 1
1, 188, 266, 218, 288, 1
1, 179, 240, 238, 289, 1
1, 201, 288, 213, 284, 1
1, 190, 317, 179, 294, 1
1, 194, 301, 220, 347, 1
1, 198, 233, 212, 246, 1
1, 121, 277, 193, 369, 1
1, 204, 328, 206, 336, 1
1, 209, 308, 200, 318, 1
1, 160, 252, 177, 279, 1
1, 116, 223, 185, 328, 1
1, 197, 321, 159, 287, 1
1, 194, 313, 177, 277, 1
1, 168, 321, 101, 299, 1
1, 194, 356, 138, 339, 1
1, 162, 307, 175, 328, 1
1, 53, 296, 81, 397, 1
1, 187, 313, 195, 281, 1
1, 78, 213, 187, 334, 1
1, 160, 263, 141, 243, 1
1, 184, 295, 125, 207, 1
1, 99, 271, 144, 297, 1
1, 152, 359, 131, 317, 1
1, 175, 275, 215, 299, 1
1, 124, 273, 140, 316, 1
1, 221, 283, 197, 284, 1
1, 209, 309, 177, 274, 1
1, 277, 365, 191, 265, 1
1, 136, 347, 81, 397, 1
1, 166, 326, 136, 333, 1
1, 225, 279, 238, 281, 1
1, 160, 267, 187, 269, 1
1, 184, 307, 243, 317, 1
1, 133, 286, 220, 337, 1
1, 167, 340, 255, 329, 1
1, 186, 294, 237, 325, 1
1, 39, 444, 85, 404, 1
1, 123, 384, 90, 375, 1
1, 23, 439, 81, 405, 1
1, 96, 360, 135, 405, 1
1, 198, 324, 202, 289, 1
1, 210, 309, 225, 274, 1
1, 217, 269, 291, 348, 1
1, 223, 283, 211, 261, 1
1, 206, 275, 167, 228, 1
1, 221, 298, 228, 319, 1
1, 231, 291, 293, 346, 1
1, 148, 304, 108, 346, 1
1, 155, 328, 128, 373, 1
1, 185, 335, 175, 370, 1
1, 129, 352, 156, 344, 1
1, 76, 279, 105, 287, 1
1, 201, 308, 230, 325, 1
1, 133, 321, 149, 261, 1
1, 118, 396, 120, 388, 1
1, 174, 235, 168, 227, 1
1, 77, 272, 106, 311, 1
1, 27, 366, 81, 393, 1
1, 187, 309, 243, 340, 1
1, 190, 321, 126, 233, 1
1, 213, 283, 174, 264, 1
1, 202, 289, 246, 347, 1
1, 164, 321, 223, 335, 1
1, 101, 441, 110, 351, 1
1, 179, 300, 201, 316, 1
1, 76, 252, 141, 289, 1
1, 214, 280, 218, 286, 1
1, 156, 319, 160, 303, 1
1, 210, 294, 248, 317, 1
1, 65, 405, 93, 383, 1
1, 175, 347, 225, 329, 1
1, 141, 337, 168, 302, 1
1, 143, 294, 138, 285, 1
1, 133, 375, 139, 376, 1
1, 117, 425, 108, 393, 1
1, 221, 279, 210, 266, 1
1, 171, 298, 212, 299, 1
1, 62, 400, 89, 383, 1
1, 139, 270, 106, 352, 1
1, 183, 305, 207, 337, 1
1, 155, 333, 164, 327, 1
1, 235, 267, 220, 269, 1
1, 98, 454, 82, 396, 1
1, 203, 309, 192, 360, 1
1, 213, 275, 220, 284, 1
1, 160, 336, 157, 335, 1
1, 198, 374, 169, 309, 1
1, 19, 385, 126, 367, 1
1, 165, 358, 152, 362, 1
1, 134, 348, 95, 371, 1
1, 144, 397, 124, 389, 1
1, 211, 283, 230, 312, 1
1, 198, 294, 190, 284, 1
1, 116, 334, 163, 399, 1
1, 190, 309, 187, 312, 1
1, 217, 259, 266, 316, 1
1, 99, 344, 119, 302, 1
1, 251, 317, 205, 261, 1
1, 113, 382, 150, 388, 1
1, 217, 286, 200, 276, 1
1, 182, 311, 153, 307, 1
1, 160, 313, 162, 327, 1
1, 206, 286, 200, 274, 1
1, 199, 276, 232, 323, 1
1, 217, 267, 220, 259, 1
1, 158, 345, 194, 376, 1
1, 61, 359, 104, 365, 1
1, 190, 290, 240, 347, 1
1, 143, 288, 198, 350, 1
1, 210, 253, 206, 249, 1
1, 213, 305, 169, 291, 1
1, 190, 328, 192, 322, 1
1, 126, 366, 174, 405, 1
1, 175, 309, 174, 335, 1
1, 198, 283, 240, 352, 1
1, 27, 306, 82, 392, 1
1, 110, 359, 129, 340, 1
1, 165, 349, 171, 338, 1
1, 166, 284, 119, 317, 1
1, 125, 349, 101, 402, 1
1, 90, 342, 84, 346, 1
1, 187, 298, 212, 347, 1
1, 217, 263, 266, 319, 1
1, 150, 314, 138, 371, 1
1, 165, 346, 218, 358, 1
1, 198, 256, 164, 216, 1
1, 152, 290, 124, 324, 1
1, 187, 283, 210, 319, 1
1, 183, 283, 233, 340, 1
1, 61, 439, 91, 405, 1
1, 114, 328, 164, 297, 1
1, 62, 357, 107, 367, 1
1, 133, 382, 154, 378, 1
1, 102, 421, 81, 405, 1
1, 142, 363, 149, 403, 1
1, 147, 347, 117, 377, 1
1, 120, 238, 212, 325, 1
1, 198, 309, 255, 332, 1
1, 133, 309, 144, 347, 1
1, 160, 382, 179, 365, 1
1, 152, 298, 220, 314, 1
1, 37, 339, 111, 316, 1
1, 42, 446, 154, 385, 1
1, 234, 386, 203, 342, 1
1, 198, 294, 225, 319, 1
1, 175, 328, 169, 322, 1
1, 213, 271, 235, 286, 1
1, 206, 336, 217, 304, 1
1, 205, 323, 224, 347, 1
1, 152, 321, 212, 335, 1
1, 190, 225, 258, 297, 1
1, 228, 332, 147, 256, 1
1, 206, 298, 205, 271, 1
1, 98, 395, 85, 380, 1
1, 72, 409, 112, 398, 1
1, 213, 290, 235, 312, 1
1, 198, 305, 255, 350, 1
1, 179, 286, 220, 340, 1
1, 170, 327, 155, 315, 1
1, 176, 297, 180, 297, 1
1, 194, 294, 192, 286, 1
1, 189, 274, 245, 340, 1
1, 177, 333, 180, 335, 1
1, 175, 286, 190, 284, 1
1, 97, 469, 87, 400, 1
1, 209, 285, 251, 336, 1
1, 175, 294, 179, 259, 1
1, 148, 391, 123, 359, 1
1, 160, 359, 179, 322, 1
1, 179, 305, 210, 329, 1
1, 132, 283, 181, 338, 1
1, 104, 397, 81, 390, 1
1, 187, 317, 220, 332, 1
1, 230, 289, 250, 307, 1
1, 179, 312, 189, 318, 1
1, 185, 397, 136, 277, 1
1, 184, 259, 222, 305, 1
1, 199, 296, 178, 275, 1
1, 202, 294, 212, 297, 1
1, 134, 400, 122, 399, 1
1, 194, 233, 238, 276, 1
1, 179, 317, 185, 337, 1
1, 107, 311, 144, 371, 1
1, 229, 457, 106, 345, 1
1, 186, 459, 98, 301, 1
1, 160, 290, 228, 355, 1
1, 160, 267, 228, 340, 1
1, 66, 449, 84, 403, 1
1, 210, 246, 314, 355, 1
1, 167, 367, 191, 386, 1
1, 206, 378, 131, 322, 1
1, 141, 332, 144, 352, 1
1, 105, 350, 91, 352, 1
1, 155, 344, 178, 317, 1
1, 179, 298, 174, 289, 1
1, 188, 278, 164, 295, 1
1, 181, 284, 186, 296, 1
1, 160, 283, 189, 320, 1
1, 121, 317, 174, 346, 1
1, 124, 272, 78, 406, 1
1, 132, 304, 116, 424, 1
1, 147, 260, 182, 297, 1
1, 187, 263, 162, 249, 1
1, 149, 385, 121, 330, 1
1, 174, 286, 212, 321, 1
1, 183, 260, 206, 263, 1
1, 118, 420, 118, 386, 1
1, 166, 300, 176, 289, 1
1, 106, 298, 145, 326, 1
1, 182, 373, 186, 423, 1
1, 152, 408, 61, 420, 1
1, 80, 336, 61, 389, 1
1, 202, 306, 200, 303, 1
1, 187, 268, 217, 289, 1
1, 201, 350, 196, 329, 1
1, 34, 424, 92, 377, 1
1, 141, 264, 149, 360, 1
1, 59, 448, 150, 336, 1
1, 164, 313, 174, 335, 1
1, 217, 275, 217, 258, 1
1, 213, 271, 191, 269, 1
1, 155, 307, 188, 413, 1
1, 163, 289, 158, 278, 1
1, 125, 327, 180, 328, 1
1, 129, 367, 149, 318, 1
1, 129, 294, 138, 289, 1
1, 177, 353, 120, 343, 1
1, 141, 260, 183, 283, 1
1, 7, 431, 61, 425, 1
1, 145, 320, 137, 268, 1
1, 171, 397, 188, 367, 1
1, 137, 343, 165, 325, 1
1, 107, 432, 80, 388, 1
1, 71, 393, 82, 405, 1
1, 217, 385, 198, 326, 1
1, 27, 407, 110, 404, 1
1, 171, 320, 155, 317, 1
1, 149, 323, 167, 318, 1
1, 136, 341, 98, 317, 1
1, 126, 378, 140, 340, 1
1, 11, 462, 97, 405, 1
1, 95, 381, 144, 327, 1
1, 192, 304, 164, 302, 1
1, 255, 355, 192, 274, 1
1, 147, 412, 85, 362, 1
1, 4, 488, 82, 404, 1
1, 217, 385, 223, 337, 1
1, 30, 458, 105, 406, 1
1, 103, 328, 89, 376, 1
1, 42, 423, 121, 397, 1
1, 135, 308, 128, 325, 1
1, 169, 317, 144, 289, 1
1, 155, 286, 181, 321, 1
1, 1, 447, 81, 406, 1
1, 175, 317, 135, 307, 1
1, 106, 335, 106, 348, 1
1, 80, 313, 152, 378, 1
1, 27, 487, 81, 406, 1
1, 148, 327, 177, 344, 1
1, 50, 341, 111, 394, 1
1, 76, 453, 86, 355, 1
1, 42, 408, 88, 406, 1
1, 61, 370, 89, 370, 1
1, 19, 484, 81, 395, 1
1, 84, 400, 120, 365, 1
1, 86, 393, 112, 405, 1
1, 74, 420, 92, 398, 1
1, 46, 431, 92, 403, 1
1, 160, 335, 149, 292, 1
1, 153, 323, 173, 315, 1
1, 42, 439, 82, 404, 1
1, 126, 347, 170, 337, 1
1, 65, 449, 84, 405, 1
1, 42, 435, 86, 393, 1
1, 16, 413, 135, 350, 1
1, 103, 351, 150, 365, 1
1, 67, 456, 81, 382, 1
1, 91, 393, 89, 405, 1
1, 61, 401, 143, 383, 1
1, 68, 407, 81, 405, 1
1, 84, 343, 132, 392, 1
1, 94, 368, 117, 332, 1
1, 0, 465, 114, 399, 1
1, 0, 477, 81, 381, 1
1, 36, 433, 98, 394, 1
1, 103, 430, 132, 364, 1
1, 182, 346, 157, 316, 1
1, 95, 397, 106, 390, 1
1, 99, 290, 165, 318, 1
1, 27, 449, 106, 358, 1
1, 46, 393, 105, 386, 1
1, 133, 389, 181, 360, 1
1, 49, 481, 110, 405, 1
1, 141, 282, 198, 314, 1
1, 129, 350, 131, 318, 1
1, 84, 349, 170, 375, 1
1, 95, 370, 160, 333, 1
1, 99, 404, 130, 332, 1
1, 0, 439, 81, 380, 1
1, 106, 365, 147, 360, 1
1, 72, 459, 95, 389, 1
1, 20, 488, 81, 380, 1
1, 214, 406, 123, 278, 1
1, 0, 471, 80, 406, 1
1, 61, 420, 80, 406, 1
1, 165, 269, 168, 261, 1
1, 80, 349, 84, 406, 1
1, 141, 340, 164, 372, 1
1, 144, 342, 203, 367, 1
1, 242, 337, 163, 255, 1
1, 102, 445, 124, 340, 1
1, 141, 375, 94, 351, 1
1, 169, 346, 157, 328, 1
1, 30, 443, 81, 380, 1
1, 126, 343, 136, 348, 1
1, 133, 282, 172, 274, 1
1, 168, 400, 159, 347, 1
1, 16, 487, 81, 405, 1
1, 126, 370, 131, 332, 1
1, 129, 331, 185, 358, 1
1, 133, 290, 169, 271, 1
1, 100, 335, 165, 301, 1
1, 157, 401, 106, 334, 1
1, 42, 484, 135, 367, 1
1, 191, 300, 179, 276, 1
1, 217, 385, 175, 360, 1
1, 213, 343, 202, 331, 1
1, 76, 397, 133, 391, 1
1, 73, 413, 82, 374, 1
1, 171, 294, 156, 314, 1
1, 50, 336, 113, 363, 1
1, 69, 412, 119, 337, 1
1, 88, 374, 113, 337, 1
1, 8, 469, 81, 405, 1
1, 148, 374, 125, 319, 1
1, 46, 363, 112, 396, 1
1, 105, 360, 145, 341, 1
1, 64, 430, 96, 390, 1
1, 205, 373, 90, 285, 1
1, 86, 353, 117, 351, 1
1, 155, 354, 147, 323, 1
1, 148, 320, 142, 319, 1
1, 49, 431, 85, 399, 1
1, 179, 328, 177, 317, 1
1, 152, 408, 100, 328, 1
1, 184, 358, 129, 333, 1
1, 179, 404, 175, 361, 1
1, 138, 305, 179, 292, 1
1, 68, 429, 93, 377, 1
1, 84, 351, 190, 381, 1
1, 80, 465, 80, 406, 1
1, 144, 385, 138, 356, 1
1, 36, 477, 137, 405, 1
1, 135, 336, 168, 349, 1
1, 116, 327, 162, 312, 1
1, 59, 421, 96, 406, 1
1, 110, 351, 118, 382, 1
1, 4, 394, 82, 406, 1
1, 47, 355, 97, 385, 1
1, 183, 261, 176, 264, 1
1, 97, 418, 131, 405, 1
1, 168, 324, 165, 325, 1
1, 34, 450, 93, 375, 1
1, 206, 412, 138, 365, 1
1, 80, 427, 106, 371, 1
1, 89, 322, 126, 338, 1
1, 145, 454, 166, 312, 1
1, 141, 359, 154, 347, 1
1, 130, 329, 164, 319, 1
1, 156, 349, 147, 302, 1
1, 90, 455, 81, 392, 1
1, 102, 420, 96, 403, 1
1, 0, 488, 119, 400, 1
1, 53, 420, 140, 377, 1
1, 76, 427, 99, 387, 1
1, 107, 305, 149, 347, 1
1, 118, 324, 162, 294, 1
1, 114, 367, 152, 369, 1
1, 107, 454, 81, 324, 1
1, 183, 324, 195, 320, 1
1, 187, 336, 185, 330, 1
1, 145, 340, 155, 360, 1
1, 22, 434, 87, 402, 1
1, 222, 353, 183, 344, 1
1, 179, 282, 198, 304, 1
1, 122, 336, 173, 327, 1
1, 46, 351, 152, 365, 1
1, 126, 488, 82, 405, 1
1, 232, 340, 158, 281, 1
1, 82, 314, 128, 360, 1
1, 42, 469, 82, 405, 1
1, 115, 370, 141, 345, 1
1, 125, 374, 131, 371, 1
1, 94, 361, 139, 394, 1
1, 105, 287, 169, 302, 1
1, 116, 358, 137, 289, 1
1, 184, 366, 157, 314, 1
1, 160, 286, 218, 307, 1
1, 118, 362, 115, 383, 1
1, 159, 377, 148, 362, 1
1, 0, 474, 82, 405, 1
1, 79, 380, 102, 373, 1
1, 46, 446, 89, 405, 1
1, 71, 371, 125, 366, 1
1, 176, 330, 183, 365, 1
1, 108, 389, 101, 350, 1
1, 83, 377, 127, 405, 1
1, 73, 467, 120, 339, 1
1, 74, 468, 91, 406, 1
1, 114, 459, 88, 374, 1
1, 0, 488, 82, 390, 1
1, 93, 461, 102, 348, 1
1, 106, 449, 81, 349, 1
1, 85, 488, 100, 370, 1
1, 119, 416, 118, 338, 1
1, 20, 416, 82, 406, 1
1, 137, 334, 177, 369, 1
1, 81, 378, 93, 397, 1
1, 152, 487, 81, 394, 1
1, 98, 405, 160, 405, 1
1, 87, 392, 137, 401, 1
1, 0, 427, 109, 396, 1
1, 160, 369, 142, 363, 1
1, 125, 346, 126, 382, 1
1, 135, 411, 128, 365, 1
1, 189, 349, 136, 260, 1
1, 102, 432, 87, 356, 1
1, 84, 408, 81, 406, 1
1, 59, 442, 140, 406, 1
1, 59, 280, 130, 360, 1
1, 59, 344, 139, 342, 1
1, 0, 488, 79, 407, 1
1, 0, 488, 81, 375, 1
1, 50, 488, 80, 407, 1
1, 73, 456, 81, 406, 1
1, 126, 448, 81, 380, 1
1, 46, 457, 81, 382, 1
1, 150, 342, 162, 353, 1
1, 70, 421, 81, 377, 1
1, 56, 439, 81, 406, 1
1, 160, 387, 158, 370, 1
1, 135, 362, 149, 331, 1
1, 183, 277, 179, 274, 1
1, 94, 366, 152, 321, 1
1, 100, 443, 82, 307, 1
1, 198, 449, 175, 365, 1
1, 169, 384, 166, 329, 1
1, 190, 281, 210, 288, 1
1, 39, 441, 81, 406, 1
1, 166, 308, 194, 305, 1
1, 95, 322, 176, 340, 1
1, 114, 373, 104, 375, 1
1, 68, 293, 121, 366, 1
1, 79, 407, 116, 384, 1
1, 0, 456, 82, 405, 1
1, 85, 357, 107, 351, 1
1, 19, 440, 93, 374, 1
1, 84, 366, 90, 338, 1
1, 106, 348, 96, 378, 1
1, 0, 488, 82, 405, 1
1, 0, 432, 82, 405, 1
1, 129, 425, 144, 359, 1
1, 100, 412, 82, 406, 1
1, 122, 327, 119, 299, 1
1, 19, 389, 145, 405, 1
1, 44, 426, 101, 404, 1
1, 29, 467, 83, 405, 1
1, 148, 469, 101, 403, 1
1, 72, 401, 152, 381, 1
1, 68, 404, 128, 331, 1
1, 103, 305, 169, 388, 1
1, 58, 399, 100, 372, 1
1, 33, 387, 82, 405, 1
1, 65, 412, 122, 389, 1
1, 131, 358, 182, 359, 1
1, 97, 366, 128, 362, 1
1, 126, 337, 141, 336, 1
1, 84, 374, 120, 358, 1
1, 67, 445, 100, 400, 1
1, 199, 437, 99, 339, 1
1, 85, 374, 133, 378, 1
1, 133, 305, 151, 299, 1
1, 2, 458, 83, 395, 1
1, 77, 408, 83, 381, 1
1, 198, 328, 104, 266, 1
1, 116, 338, 137, 386, 1
1, 88, 421, 82, 382, 1
1, 94, 386, 82, 366, 1
1, 133, 387, 114, 370, 1
1, 26, 463, 84, 404, 1
1, 106, 329, 143, 393, 1
1, 70, 452, 188, 405, 1
1, 49, 436, 157, 393, 1
1, 211, 385, 197, 361, 1
1, 80, 412, 107, 365, 1
1, 83, 368, 82, 361, 1
1, 171, 379, 82, 405, 1
1, 130, 462, 92, 407, 1
1, 0, 488, 82, 388, 1
1, 91, 370, 127, 365, 1
1, 0, 488, 82, 405, 1
1, 29, 361, 80, 382, 1
1, 89, 370, 135, 303, 1
1, 117, 364, 220, 405, 1
1, 25, 385, 103, 406, 1
1, 63, 357, 110, 352, 1
1, 53, 350, 144, 330, 1
1, 128, 373, 168, 326, 1
1, 70, 420, 80, 406, 1
1, 110, 362, 144, 370, 1
1, 61, 397, 91, 385, 1
1, 63, 427, 119, 380, 1
1, 23, 488, 87, 405, 1
1, 60, 370, 142, 334, 1
1, 120, 317, 168, 328, 1
1, 1, 470, 83, 404, 1
1, 49, 404, 111, 405, 1
1, 122, 327, 100, 300, 1
1, 126, 400, 118, 348, 1
1, 126, 444, 109, 403, 1
1, 82, 444, 81, 405, 1
1, 178, 327, 188, 310, 1
1, 148, 349, 133, 354, 1
1, 7, 487, 82, 406, 1
1, 62, 355, 144, 376, 1
1, 110, 385, 128, 353, 1
1, 42, 484, 81, 405, 1
1, 162, 267, 198, 312, 1
1, 8, 462, 82, 405, 1
1, 177, 262, 176, 261, 1
1, 4, 487, 82, 405, 1
1, 68, 350, 126, 375, 1
1, 129, 396, 141, 346, 1
1, 122, 426, 81, 388, 1
1, 88, 331, 145, 308, 1
1, 38, 450, 81, 406, 1
1, 109, 381, 82, 405, 1
1, 59, 399, 97, 380, 1
1, 83, 324, 138, 322, 1
1, 278, 330, 216, 306, 1
1, 142, 380, 92, 329, 1
1, 4, 487, 81, 406, 1
1, 17, 471, 80, 405, 1
1, 1, 486, 83, 369, 1
1, 152, 412, 198, 345, 1
1, 169, 282, 156, 302, 1
1, 122, 333, 132, 356, 1
1, 157, 273, 213, 305, 1
1, 1, 475, 82, 406, 1
1, 220, 337, 197, 298, 1
1, 127, 363, 151, 345, 1
1, 69, 422, 129, 388, 1
1, 141, 424, 118, 404, 1
1, 118, 338, 187, 380, 1
1, 128, 327, 174, 341, 1
1, 4, 473, 82, 400, 1
1, 136, 319, 180, 329, 1
1, 42, 229, 170, 382, 1
1, 68, 434, 100, 401, 1
1, 70, 382, 81, 405, 1
1, 86, 391, 113, 385, 1
1, 0, 412, 82, 397, 1
1, 146, 350, 156, 347, 1
1, 127, 401, 96, 360, 1
1, 26, 453, 87, 406, 1
1, 126, 347, 171, 268, 1
1, 149, 285, 178, 317, 1
1, 60, 456, 164, 340, 1
1, 46, 389, 82, 403, 1
1, 36, 459, 93, 405, 1
1, 188, 330, 209, 345, 1
1, 152, 307, 112, 371, 1
1, 55, 486, 83, 404, 1
1, 123, 368, 128, 367, 1
1, 68, 328, 104, 309, 1
1, 114, 360, 157, 330, 1
1, 95, 427, 82, 403, 1
1, 157, 318, 208, 358, 1
1, 92, 405, 121, 355, 1
1, 80, 485, 129, 404, 1
1, 122, 375, 130, 356, 1
1, 90, 415, 154, 322, 1
1, 1, 375, 81, 406, 1
1, 65, 397, 138, 341, 1
1, 204, 316, 166, 319, 1
1, 133, 397, 111, 358, 1
1, 0, 485, 129, 405, 1
1, 15, 487, 82, 404, 1
1, 45, 387, 135, 334, 1
1, 48, 408, 101, 379, 1
1, 0, 428, 81, 397, 1
1, 162, 310, 141, 311, 1
1, 137, 337, 132, 343, 1
1, 215, 381, 170, 330, 1
1, 80, 379, 81, 384, 1
1, 76, 355, 149, 368, 1
1, 26, 392, 81, 406, 1
1, 91, 351, 106, 348, 1
1, 150, 306, 187, 342, 1
1, 142, 280, 138, 319, 1
1, 94, 389, 83, 397, 1
1, 194, 372, 80, 407, 1
1, 72, 252, 122, 368, 1
1, 197, 323, 217, 312, 1
1, 81, 289, 109, 390, 1
1, 78, 278, 138, 316, 1
1, 166, 368, 147, 289, 1
1, 67, 375, 141, 355, 1
1, 207, 334, 179, 313, 1
1, 0, 451, 83, 404, 1
1, 155, 363, 202, 340, 1
1, 3, 461, 115, 391, 1
1, 100, 404, 95, 401, 1
1, 122, 298, 163, 309, 1
1, 94, 359, 145, 339, 1
1, 98, 421, 80, 406, 1
1, 105, 298, 81, 405, 1
1, 120, 410, 108, 359, 1
1, 162, 344, 156, 359, 1
1, 177, 273, 216, 338, 1
1, 195, 282, 184, 263, 1
1, 208, 285, 187, 278, 1
1, 207, 265, 212, 272, 1
1, 185, 264, 200, 270, 1
1, 228, 272, 211, 275, 1
1, 216, 268, 206, 268, 1
1, 194, 288, 188, 290, 1
1, 218, 281, 185, 281, 1
1, 212, 272, 183, 280, 1
1, 176, 317, 178, 287, 1
1, 168, 300, 201, 310, 1
1, 218, 286, 204, 255, 1
1, 198, 289, 196, 276, 1
1, 234, 263, 228, 255, 1
1, 199, 270, 211, 290, 1
1, 167, 299, 163, 322, 1
1, 109, 372, 89, 318, 1
1, 171, 366, 155, 296, 1
1, 171, 334, 151, 324, 1
1, 179, 279, 207, 284, 1
1, 166, 286, 174, 299, 1
1, 200, 306, 179, 308, 1
1, 226, 291, 197, 278, 1
1, 187, 302, 211, 286, 1
1, 202, 271, 183, 270, 1
1, 199, 302, 211, 289, 1
1, 201, 308, 153, 302, 1
1, 140, 354, 129, 349, 1
1, 198, 311, 160, 315, 1
1, 182, 358, 166, 345, 1
1, 208, 268, 202, 277, 1
1, 157, 289, 139, 269, 1
1, 129, 386, 134, 351, 1
1, 107, 354, 107, 323, 1
1, 209, 324, 196, 282, 1
1, 203, 301, 203, 287, 1
1, 205, 287, 161, 245, 1
1, 191, 317, 187, 270, 1
1, 193, 281, 187, 290, 1
1, 201, 328, 155, 298, 1
1, 104, 356, 80, 390, 1
1, 212, 378, 183, 322, 1
1, 233, 302, 219, 289, 1
1, 194, 272, 176, 309, 1
1, 196, 271, 179, 289, 1
1, 205, 272, 191, 274, 1
1, 159, 319, 194, 302, 1
1, 188, 313, 207, 276, 1
1, 186, 302, 210, 279, 1
1, 214, 273, 203, 261, 1
1, 193, 327, 199, 334, 1
1, 191, 294, 242, 349, 1
1, 197, 283, 209, 300, 1
1, 202, 303, 204, 276, 1
1, 223, 286, 205, 269, 1
1, 207, 295, 195, 284, 1
1, 186, 285, 197, 294, 1
1, 186, 302, 165, 309, 1
1, 169, 335, 194, 327, 1
1, 192, 284, 249, 349, 1
1, 200, 310, 227, 329, 1
1, 115, 268, 147, 378, 1
1, 196, 303, 191, 305, 1
1, 212, 270, 204, 269, 1
1, 186, 292, 268, 338, 1
1, 197, 270, 215, 313, 1
1, 159, 282, 238, 333, 1
1, 190, 303, 197, 329, 1
1, 69, 237, 132, 332, 1
1, 197, 281, 215, 279, 1
1, 197, 295, 192, 289, 1
1, 138, 234, 267, 357, 1
1, 196, 292, 186, 268, 1
1, 175, 303, 178, 337, 1
1, 118, 333, 138, 373, 1
1, 211, 288, 207, 284, 1
1, 228, 270, 214, 264, 1
1, 204, 281, 166, 237, 1
1, 148, 316, 189, 320, 1
1, 115, 255, 134, 278, 1
1, 163, 318, 140, 286, 1
1, 354, 441, 158, 244, 1
1, 103, 470, 85, 370, 1
1, 107, 366, 163, 391, 1
1, 176, 389, 209, 340, 1
1, 219, 293, 205, 261, 1
1, 187, 287, 168, 265, 1
1, 203, 291, 207, 312, 1
1, 202, 306, 193, 284, 1
1, 188, 279, 238, 309, 1
1, 197, 301, 176, 297, 1
1, 202, 279, 191, 254, 1
1, 201, 297, 174, 288, 1
1, 207, 261, 243, 299, 1
1, 215, 276, 257, 326, 1
1, 175, 260, 208, 279, 1
1, 150, 333, 140, 350, 1
1, 187, 229, 221, 269, 1
1, 199, 339, 207, 356, 1
1, 131, 367, 108, 357, 1
1, 232, 279, 199, 264, 1
1, 178, 309, 203, 294, 1
1, 210, 264, 278, 361, 1
1, 212, 278, 252, 319, 1
1, 217, 295, 192, 263, 1
1, 215, 266, 250, 300, 1
1, 197, 288, 207, 286, 1
1, 230, 291, 252, 312, 1
1, 208, 278, 196, 260, 1
1, 219, 272, 206, 263, 1
1, 198, 334, 243, 382, 1
1, 166, 336, 170, 353, 1
1, 215, 285, 249, 321, 1
1, 215, 297, 232, 298, 1
1, 181, 293, 221, 286, 1
1, 187, 334, 225, 372, 1
