21,26,394,371,0
158,134,284,281,0
108,78,379,429,1
114,29,366,405,0
78,32,315,419,1
146,111,271,311,0
151,136,302,310,0
87,49,354,417,0
80,90,321,367,0
153,129,263,331,0
106,89,330,335,0
165,167,271,301,0
93,76,342,369,1
61,78,351,373,0
76,62,318,360,0
108,15,322,298,0
126,104,295,345,0
57,88,347,338,0
62,89,340,402,0
88,60,278,429,0
76,45,323,416,0
46,35,410,369,1
171,105,368,329,0
101,52,378,410,0
118,100,324,382,0
23,34,435,421,1
117,73,299,377,0
82,109,347,370,0
89,39,369,422,1
73,8,409,439,1
55,59,355,399,1
92,76,337,422,0
111,132,374,343,0
51,33,395,401,1
36,66,354,408,1
42,6,407,404,0
4,53,411,418,0
104,96,323,368,0
98,91,309,325,1
130,121,243,304,0
93,48,346,419,0
57,56,364,433,1
34,30,401,399,0
66,7,322,344,0
46,59,375,386,1
75,78,309,368,0
114,113,253,374,0
32,0,423,425,1
90,77,394,365,0
62,76,360,392,0
57,0,421,446,0
18,6,365,437,0
104,102,328,389,1
126,30,438,446,0
107,26,410,398,1
124,132,309,423,0
40,59,371,405,0
91,80,358,410,0
150,123,260,336,0
62,45,362,446,0
77,71,328,417,0
50,124,400,336,0
13,8,391,424,0
57,53,283,391,0
42,80,366,392,0
105,130,309,317,0
120,143,282,290,0
136,128,285,364,0
56,74,392,365,0
17,29,444,370,1
33,0,412,444,0
81,68,374,443,1
151,121,303,342,1
144,159,287,303,0
116,105,325,345,0
122,121,290,347,0
118,37,338,383,0
142,130,322,352,0
67,111,366,327,0
54,70,418,356,0
112,50,323,386,0
163,88,290,386,0
133,107,283,353,0
155,137,317,289,0
158,143,308,336,0
178,164,323,286,0
173,134,286,328,0
105,61,373,345,0
95,55,368,340,0
171,177,259,255,0
49,88,398,403,0
105,26,370,430,0
98,9,360,414,0
183,174,260,280,0
29,33,337,384,0
109,93,353,344,0
149,108,276,275,0
111,40,306,377,0
148,103,357,339,0
49,37,367,445,0
134,124,314,278,0
19,22,435,435,0
120,67,348,322,0
107,98,307,329,0
27,49,336,392,0
175,157,303,344,0
144,84,311,372,0
73,20,354,426,0
83,84,325,396,0
82,71,401,376,0
114,88,361,304,0
116,51,325,388,0
214,192,262,250,0
102,81,345,372,0
47,1,374,403,0
134,108,324,335,0
179,133,309,350,0
99,75,328,376,0
101,27,330,324,0
183,107,263,230,0
175,101,339,329,0
187,113,288,349,0
150,139,302,341,0
28,16,394,414,0
101,93,393,334,0
156,119,338,357,0
112,67,343,375,1
118,42,385,403,1
114,133,363,333,1
102,66,373,405,1
83,121,363,385,1
109,31,334,384,1
84,38,361,386,1
79,14,389,427,1
157,75,319,353,1
89,2,422,404,1
62,67,366,386,1
126,122,313,290,1
142,39,345,347,1
90,58,343,381,1
164,107,332,307,1
74,11,397,439,1
88,31,337,423,1
106,52,351,431,1
130,42,388,444,1
0,31,447,447,1
67,24,406,442,1
73,13,376,396,1
82,72,370,380,1
114,116,331,407,1
202,64,375,272,1
57,2,382,414,1
107,3,322,360,1
78,49,370,384,1
53,43,381,421,1
109,42,365,429,1
114,117,379,378,1
96,92,360,270,1
123,80,298,277,0
77,52,414,412,0
201,34,375,366,0
117,71,344,382,0
84,45,398,397,0
95,87,310,433,0
159,99,301,287,0
83,0,427,448,0
106,60,379,447,0
25,7,397,447,0
152,121,340,303,0
8,28,389,388,0
60,89,350,361,0
108,72,354,441,0
149,61,373,447,0
125,77,334,342,0
83,75,354,383,0
135,112,335,341,0
0,3,447,447,0
0,235,448,447,0
64,0,372,446,0
28,0,430,429,0
106,116,330,370,0
0,0,446,446,0
73,1,448,448,0
31,1,398,436,0
134,104,303,321,0
11,11,447,433,0
39,79,389,390,0
98,79,431,343,0
0,0,421,447,0
93,40,408,428,0
27,0,388,406,0
77,100,336,339,0
67,4,359,363,0
107,148,284,343,0
162,101,347,327,0
48,0,393,426,0
4,54,446,406,0
60,0,386,447,0
121,155,266,351,0
57,24,372,413,0
151,125,354,353,0
21,35,405,393,0
135,14,367,384,0
123,71,301,341,0
0,28,441,445,0
36,8,342,390,0
34,10,401,446,0
14,16,377,397,0
53,50,350,374,0
73,63,390,401,0
133,100,330,339,0
34,60,420,358,0
25,56,383,400,0
69,22,302,387,0
49,47,395,409,0
45,0,388,425,0
153,98,297,314,0
68,62,380,345,0
145,142,317,320,0
87,92,350,329,0
125,120,296,273,0
107,95,323,332,0
83,103,331,325,0
172,126,280,307,0
14,86,391,447,0
0,68,448,447,0
107,87,305,322,0
160,131,291,303,0
157,163,325,281,0
89,91,303,378,0
32,32,410,378,0
144,60,356,390,0
27,89,445,436,0
78,120,334,331,0
56,98,378,370,0
189,128,298,358,0
81,2,350,426,1
49,45,367,410,1
14,5,374,396,1
102,113,378,392,1
43,0,353,405,1
116,103,322,332,1
28,0,393,447,1
0,0,446,447,1
0,0,436,438,1
70,64,379,347,1
7,0,380,446,1
25,0,448,447,1
2,6,447,421,1
34,1,429,446,1
147,69,298,260,1
133,192,300,374,1
0,0,407,413,1
32,2,334,444,1
0,0,447,447,1
21,0,426,445,1
0,0,447,446,1
119,109,299,339,1
0,0,412,443,1
11,0,409,446,1
15,13,445,445,1
129,102,381,355,1
84,39,360,367,1
105,60,303,320,0
87,29,366,421,0
143,124,214,257,0
117,105,312,311,0
91,49,353,408,0
70,1,395,352,0
44,65,344,308,0
139,93,275,268,0
93,26,350,397,0
76,47,329,348,0
128,110,303,375,0
115,74,316,311,0
71,11,373,408,0
122,86,283,331,0
127,52,348,272,0
70,103,322,415,0
119,57,290,279,0
109,79,287,313,0
122,113,289,376,0
139,121,298,390,0
112,32,339,350,0
90,97,303,339,0
18,59,318,419,0
50,36,364,425,0
159,142,254,274,0
112,97,329,394,0
121,150,246,307,0
118,91,344,363,0
122,99,277,306,0
47,128,330,339,0
119,148,334,306,0
150,127,294,331,0
90,99,331,386,0
89,0,360,400,0
59,38,317,442,0
157,131,305,308,0
137,55,311,308,0
26,0,416,444,0
158,172,278,348,0
92,40,363,401,0
109,114,369,374,0
46,8,370,439,0
118,126,294,348,0
125,102,240,285,0
83,69,373,390,0
99,0,434,445,0
71,39,335,418,0
84,62,361,396,0
122,24,445,446,0
22,95,313,355,0
123,81,291,334,0
109,27,316,362,0
98,110,303,381,0
100,20,360,349,0
74,64,398,432,0
29,110,415,426,0
28,94,356,438,0
60,102,338,408,0
96,88,375,376,0
134,188,270,335,0
121,95,322,363,0
130,136,312,388,0
106,124,251,359,0
151,137,282,334,0
67,112,447,423,1
72,50,352,417,0
75,83,341,355,0
37,3,393,444,1
28,47,317,445,1
103,85,368,392,0
98,61,320,385,0
145,104,292,378,0
49,97,386,383,0
0,20,448,406,0
138,131,283,308,0
95,0,322,309,1
83,42,420,445,1
33,73,436,427,1
13,0,433,447,1
121,81,272,351,0
79,96,374,349,0
85,26,377,431,0
61,107,368,339,1
115,85,315,372,0
67,79,351,384,0
65,8,377,428,0
20,0,448,422,0
89,46,322,403,0
164,79,306,325,0
0,0,410,412,0
78,12,355,329,1
28,5,351,439,0
139,120,271,280,0
121,88,338,357,0
160,104,302,295,0
129,85,310,296,1
153,127,339,324,1
142,177,290,338,0
132,86,334,383,0
202,148,287,265,0
114,142,310,382,0
133,73,343,412,0
50,103,361,374,0
78,49,331,363,0
110,16,356,387,0
105,88,339,381,0
74,111,334,319,0
58,108,403,381,0
111,21,326,353,1
136,97,307,361,0
96,26,357,415,1
3,5,445,445,0
33,19,432,446,0
104,34,364,363,1
98,99,334,337,0
141,108,307,351,0
142,92,317,364,0
27,44,421,418,0
60,27,370,446,0
26,12,432,446,0
23,0,432,446,0
22,0,399,414,0
96,67,298,354,0
0,5,448,447,0
62,127,378,331,1
71,64,376,352,0
15,58,435,366,1
0,0,446,446,0
117,93,313,363,0
57,70,351,374,1
98,125,366,302,0
98,0,338,368,0
95,79,366,361,0
49,13,390,433,0
137,87,305,343,0
70,42,410,416,0
129,108,310,330,0
128,88,323,376,0
119,29,293,412,0
64,100,398,356,0
117,96,344,324,0
73,143,369,340,0
118,97,325,345,0
87,88,357,343,0
149,82,301,303,0
142,72,312,390,0
156,138,297,328,0
72,31,321,337,0
105,65,328,332,0
119,29,333,423,0
98,82,346,356,0
38,11,425,436,1
75,92,345,356,1
143,91,303,345,0
64,50,379,432,0
74,52,408,446,1
0,0,447,447,1
120,71,324,338,1
99,3,386,444,1
118,174,324,381,1
1,73,440,396,1
97,22,338,402,1
113,96,339,348,0
77,65,382,371,0
85,56,378,394,0
115,49,334,379,0
133,102,334,328,0
57,37,396,380,0
89,74,318,367,0
119,73,334,346,1
79,107,355,365,0
150,0,388,445,1
49,30,381,412,0
110,42,304,363,0
136,148,272,296,0
128,86,321,343,0
16,0,412,437,0
41,36,409,429,0
59,93,368,365,0
3,91,439,351,0
95,26,334,354,0
91,91,333,393,0
94,6,337,433,0
78,43,367,386,0
27,52,415,369,1
87,50,379,313,1
63,0,391,425,1
52,68,431,374,1
29,0,410,429,1
31,30,402,445,1
78,30,367,396,1
114,97,322,384,1
49,20,378,446,0
20,41,174,194,0
143,71,276,209,0
303,53,416,267,0
78,152,278,347,1
25,32,409,405,1
104,57,342,379,1
140,115,334,326,1
17,6,445,424,1
188,130,274,297,1
107,100,304,412,1
135,110,365,323,1
65,0,362,388,1
113,104,353,370,1
150,142,308,302,1
112,58,384,363,1
46,0,195,448,1
78,62,342,438,1
0,25,448,422,1
122,212,230,348,0
71,32,214,428,0
72,171,199,396,0
108,75,205,211,0
229,150,363,288,0
226,218,390,395,0
129,105,245,397,0
55,157,176,324,0
134,119,220,294,0
181,126,298,300,0
122,28,245,242,0
203,33,302,219,0
154,9,275,199,0
121,139,249,341,0
215,178,305,383,0
27,181,141,316,0
112,57,261,218,0
129,198,209,301,0
139,135,251,241,0
91,160,198,332,0
108,205,205,361,0
119,134,281,366,0
119,243,233,439,0
44,175,163,391,0
192,144,267,283,0
49,145,187,307,0
80,165,200,332,0
184,149,274,328,0
101,158,182,299,0
144,132,219,279,0
14,114,178,262,0
215,182,289,303,0
176,82,241,229,0
170,201,267,322,0
154,172,310,345,0
155,201,235,311,0
236,146,339,298,0
118,81,248,360,0
78,77,212,270,0
93,116,219,310,0
155,148,221,274,0
129,161,236,244,0
216,158,306,270,0
156,67,278,233,0
160,157,242,336,0
118,97,189,233,0
202,129,321,272,0
236,118,387,351,0
106,110,206,325,0
100,105,209,265,0
72,6,236,307,0
74,115,183,323,0
20,148,175,316,0
171,145,313,286,0
108,193,220,331,0
165,113,283,253,0
147,91,283,251,0
126,85,261,350,0
155,100,266,242,0
134,134,210,260,0
143,141,248,304,0
159,143,253,306,0
159,129,294,290,0
206,194,335,325,0
57,109,284,349,0
182,166,285,255,0
108,62,247,322,0
123,119,240,287,0
101,101,296,272,0
156,117,298,382,0
182,126,279,310,0
59,119,178,290,0
109,132,217,280,0
99,127,193,310,0
220,99,282,242,0
140,121,227,247,0
148,132,303,253,0
180,142,279,272,0
80,101,175,264,0
193,135,279,242,0
167,230,272,314,0
150,192,225,303,0
68,123,204,306,0
99,188,178,340,0
137,153,216,275,0
112,121,220,352,0
172,184,266,280,0
143,170,226,297,0
91,60,220,388,0
74,163,261,336,0
121,230,235,315,0
39,127,182,311,0
122,200,224,308,0
157,152,230,275,0
115,141,193,285,0
131,132,253,279,0
49,74,391,420,0
105,71,237,305,0
123,158,242,303,0
178,40,278,226,0
190,69,301,230,0
191,171,284,336,0
126,172,217,290,0
101,156,199,350,0
160,170,249,310,0
109,212,233,361,0
147,130,259,296,0
103,95,224,288,0
180,195,253,321,0
156,91,245,290,0
164,90,235,217,0
102,148,232,266,0
141,146,253,332,0
91,73,243,300,0
224,115,290,316,0
97,124,296,375,1
183,149,269,331,0
140,142,227,256,0
53,49,371,382,0
147,201,227,277,0
54,42,327,348,0
88,121,317,282,0
80,63,376,437,0
90,67,343,340,0
85,54,348,377,0
53,66,290,340,0
127,64,314,339,0
107,77,332,368,1
132,88,342,359,0
147,128,299,337,0
191,115,310,274,0
140,130,301,335,0
132,133,297,324,0
81,75,317,301,0
123,85,311,403,0
11,2,359,375,0
27,0,425,446,1
94,32,308,355,1
79,23,371,372,0
97,49,350,413,0
92,86,358,403,0
113,141,357,411,1
92,86,387,386,0
75,141,305,373,0
10,104,436,375,1
147,115,308,342,0
148,126,262,291,0
94,67,303,379,0
59,42,374,370,0
122,147,260,357,0
74,16,423,444,1
88,103,368,411,0
127,70,406,378,0
2,21,409,445,0
73,75,356,384,0
106,19,339,386,0
214,178,270,285,0
227,156,278,279,0
104,70,367,390,0
44,100,414,297,0
108,92,305,359,0
137,124,329,320,0
183,171,297,258,0
172,113,296,299,0
107,53,338,342,0
85,116,390,334,0
22,8,419,432,0
139,107,328,361,0
116,95,323,331,0
179,94,287,407,0
147,103,287,304,0
91,49,326,345,0
96,127,271,360,0
141,76,311,411,0
82,111,350,371,1
102,94,348,435,0
22,66,367,386,0
164,113,335,332,0
57,113,285,362,1
65,99,367,345,0
137,97,329,347,0
177,144,257,279,1
32,114,392,386,0
1,3,447,447,0
126,61,281,310,0
145,137,254,320,0
65,32,399,387,0
153,70,328,390,0
76,132,315,335,0
57,65,399,432,0
66,107,349,412,0
181,155,262,268,1
125,180,284,348,0
62,27,286,359,0
65,1,352,398,0
52,59,276,330,0
129,115,299,299,0
156,64,300,337,0
150,126,298,317,0
152,205,273,362,0
138,100,308,290,0
136,63,318,426,0
128,23,340,394,0
77,67,344,387,1
129,95,332,385,0
117,47,339,337,0
27,0,432,408,1
116,32,361,365,0
186,113,281,267,0
0,48,440,389,0
91,23,393,330,0
115,54,337,370,1
67,124,304,334,0
121,99,312,337,0
83,36,349,408,0
156,149,288,296,1
57,68,364,422,0
154,109,295,363,0
44,71,394,391,0
43,44,423,405,0
45,13,379,431,0
0,63,445,365,0
131,137,346,324,1
117,86,313,316,0
134,105,319,377,0
58,18,383,447,1
140,36,278,331,0
80,61,364,401,1
42,43,429,400,1
51,130,332,399,0
110,124,314,330,0
91,67,333,422,0
76,145,245,390,0
132,87,321,311,0
88,37,362,378,0
75,1,413,447,0
140,145,274,293,0
83,44,346,387,1
90,54,315,375,0
75,1,386,447,0
118,61,347,338,0
165,151,309,290,0
209,145,298,310,0
151,111,299,288,0
0,24,443,441,0
1,1,435,447,0
124,113,294,363,0
97,55,380,363,0
84,158,388,360,1
175,148,305,320,0
73,102,348,382,0
111,52,314,366,0
79,1,426,447,0
121,118,299,311,0
87,9,388,447,0
106,77,323,347,1
149,127,294,340,1
111,100,295,428,0
201,179,280,303,0
175,150,295,307,0
172,147,294,296,1
176,193,274,320,0
141,112,302,353,0
0,61,446,408,0
89,82,331,318,1
54,78,388,445,0
104,64,334,401,0
158,142,283,275,0
132,87,297,321,0
87,95,379,344,0
142,94,307,323,0
80,42,366,383,1
132,181,300,358,0
127,44,362,377,1
188,98,293,309,0
188,149,277,286,0
147,106,294,337,0
125,104,315,323,0
182,107,242,310,0
76,181,320,355,0
116,170,300,308,0
101,59,348,441,0
37,81,383,417,0
53,81,430,420,0
121,81,292,401,0
125,11,432,382,0
17,149,210,447,1
22,51,392,442,0
0,0,366,446,0
163,130,298,314,0
153,140,295,292,0
182,131,283,285,1
100,36,362,424,0
116,173,357,447,0
74,92,295,353,0
132,155,311,355,0
108,96,324,334,0
151,182,290,332,0
0,0,447,447,0
143,133,324,345,1
149,111,287,329,0
157,53,310,408,0
8,0,407,446,1
72,50,381,340,0
153,131,255,316,0
143,142,262,311,0
131,170,259,282,0
89,50,305,355,1
115,73,342,348,1
152,201,265,294,0
150,98,286,332,0
101,45,337,408,0
111,66,344,441,0
35,24,437,428,0
228,189,300,317,1
161,148,260,261,0
185,162,262,271,0
190,179,269,290,0
53,0,408,447,0
136,42,299,352,0
153,107,306,328,0
0,20,406,387,0
106,103,336,316,1
34,1,371,447,1
179,177,301,323,0
136,78,316,304,0
9,1,435,421,0
89,31,357,413,0
116,94,297,345,0
0,1,448,425,1
13,78,423,384,0
93,44,394,407,0
30,110,336,425,0
32,0,426,446,0
80,65,341,371,0
115,80,330,344,0
116,129,307,314,0
52,22,357,396,0
147,114,263,361,0
56,37,446,384,0
79,77,313,356,0
107,83,344,411,0
132,1,372,300,0
96,82,357,409,1
152,127,287,289,0
132,119,276,278,0
142,133,284,345,0
136,144,367,354,1
59,63,366,334,1
104,147,217,274,0
92,100,312,348,1
108,101,318,372,0
157,137,311,340,0
155,99,348,376,0
92,61,356,402,0
102,74,355,329,0
126,77,364,357,1
61,46,423,380,0
125,84,327,399,1
1,0,425,447,0
152,110,308,310,0
234,53,380,254,1
97,28,365,372,0
147,88,323,300,0
199,178,280,293,0
95,12,355,419,0
34,20,418,447,0
68,53,325,388,0
102,92,384,354,0
0,61,407,431,0
145,191,228,299,0
165,112,342,317,0
123,14,427,436,0
129,123,276,363,0
51,103,393,386,0
83,165,352,392,0
94,178,284,347,1
154,144,291,358,0
123,100,285,419,1
140,208,223,324,0
168,96,262,246,0
49,0,439,412,0
169,134,308,275,0
110,104,321,344,0
161,85,301,372,1
20,1,448,447,0
52,24,398,370,0
65,84,425,417,0
132,82,272,322,0
118,133,265,372,0
62,107,369,309,0
25,78,380,410,0
96,56,345,421,0
6,2,448,447,0
109,35,407,439,0
71,87,369,389,0
48,52,380,447,0
108,57,335,353,0
8,119,376,414,0
92,130,336,292,0
141,66,292,382,0
132,126,296,342,0
33,54,428,387,0
159,126,306,357,0
156,88,345,411,0
101,142,290,342,0
134,118,315,314,0
17,43,432,404,0
185,180,255,260,0
65,22,369,436,0
101,78,359,381,0
97,28,348,446,0
139,111,259,407,0
162,100,332,328,0
132,102,330,400,0
151,110,324,351,0
147,145,286,313,0
205,117,274,219,0
154,88,275,267,0
104,89,323,278,1
0,2,448,447,0
35,0,405,388,0
160,162,282,323,0
106,99,336,356,1
215,211,284,299,0
175,160,307,330,0
123,19,388,446,0
55,34,360,447,1
104,75,367,430,1
156,121,267,278,0
87,16,406,409,0
38,53,447,419,0
0,0,447,447,0
77,115,332,335,0
180,183,271,338,0
117,73,337,376,0
33,5,355,433,0
98,67,387,446,0
115,129,281,334,0
101,110,255,331,0
150,94,350,373,0
151,172,304,313,1
148,159,266,303,0
124,129,285,328,0
80,73,370,365,0
0,4,443,447,0
83,156,329,433,0
99,40,330,361,1
159,159,242,290,0
80,109,259,334,1
69,32,407,434,1
108,151,319,400,0
65,0,380,438,0
199,171,262,255,0
167,169,245,282,0
161,121,296,345,0
125,88,360,436,0
127,75,345,353,0
46,78,362,370,0
80,110,324,377,1
127,77,270,333,0
125,138,277,329,0
87,90,432,376,1
80,126,301,387,0
104,87,370,407,0
52,10,397,444,0
129,141,301,349,0
10,0,424,446,1
152,121,317,353,0
180,178,264,276,0
62,59,376,442,0
169,47,324,348,1
135,137,318,335,0
0,213,448,447,1
102,84,349,399,0
95,91,381,388,0
56,0,399,447,1
147,121,310,348,0
125,125,308,338,1
102,88,328,380,0
121,40,301,322,1
178,50,379,339,1
121,63,311,384,1
93,41,387,383,1
135,110,318,288,1
159,162,221,220,0
85,93,331,404,0
92,90,314,382,0
150,102,316,323,0
42,60,393,396,0
142,115,332,338,0
16,16,420,447,1
64,50,447,447,0
7,65,409,380,1
115,82,316,307,0
142,131,322,316,1
169,150,318,326,0
75,138,412,386,0
153,125,319,329,1
18,2,429,447,0
155,160,264,305,0
152,66,370,387,1
72,126,371,324,0
142,110,292,281,0
160,186,242,303,0
83,78,332,384,1
71,66,368,428,0
188,133,305,252,0
133,24,367,445,0
58,148,290,350,0
145,95,290,267,0
171,142,284,288,0
96,98,285,240,0
158,119,234,281,1
71,102,432,404,0
1,80,448,431,0
166,147,279,261,0
26,57,410,446,0
137,179,262,296,0
160,107,276,295,0
132,59,262,229,0
163,107,309,314,0
209,135,299,248,0
160,124,292,346,0
108,65,340,399,0
217,204,300,302,0
128,128,226,254,0
41,0,353,446,0
132,91,329,294,0
128,99,284,332,0
76,132,299,391,0
112,88,313,351,0
107,117,307,335,0
180,170,310,330,0
7,0,438,447,0
65,108,246,294,0
102,163,263,303,0
172,124,322,410,1
103,113,344,303,0
84,60,351,421,0
95,46,369,355,1
198,113,291,253,0
108,156,311,343,0
69,7,344,447,0
172,54,315,368,0
66,61,273,418,0
59,81,448,320,0
139,66,324,429,0
117,173,276,324,0
110,66,391,406,0
52,85,334,401,0
140,124,325,363,0
148,86,369,382,0
130,94,291,369,0
129,114,318,355,1
179,32,301,355,0
0,30,447,447,0
5,20,440,445,1
8,19,414,447,1
47,33,399,403,0
142,167,275,293,0
67,88,338,349,0
93,70,302,307,0
0,219,448,447,0
122,39,308,356,0
9,33,421,426,0
77,37,382,376,1
164,156,268,288,0
143,180,244,290,0
98,110,403,417,0
90,106,350,310,0
140,172,275,344,0
62,0,446,446,1
192,126,288,267,0
29,46,400,351,0
96,66,367,447,0
0,42,446,447,0
229,154,277,245,0
166,27,353,333,0
202,199,270,280,0
167,167,249,273,0
195,171,291,277,0
181,143,291,329,0
195,167,263,287,0
115,94,329,333,0
157,160,266,322,0
181,128,277,263,0
97,90,350,389,0
178,160,277,273,0
164,73,241,180,0
165,135,261,297,1
216,150,291,287,0
150,157,273,301,0
195,181,256,273,0
170,206,271,305,0
178,188,259,252,0
195,160,252,256,0
192,169,277,328,0
112,18,348,370,0
59,5,435,376,0
174,132,280,347,0
188,111,294,291,0
192,192,277,287,0
214,191,258,247,0
181,111,266,207,0
153,76,312,350,0
192,157,280,270,0
202,160,259,270,0
171,157,266,273,0
181,178,280,294,1
234,213,284,281,0
167,132,291,312,0
185,181,269,269,0
202,181,263,245,0
187,180,256,310,0
104,66,305,319,0
114,132,237,319,0
105,36,309,397,0
156,173,258,327,0
181,188,249,266,0
199,171,298,280,0
192,206,266,329,0
171,188,273,308,0
157,160,343,308,0
168,159,292,333,0
130,107,309,364,0
136,76,291,301,0
164,146,245,249,0
174,101,298,329,0
195,171,291,298,0
171,181,259,319,0
195,146,263,259,0
160,196,243,332,0
163,221,250,350,0
165,167,228,330,0
178,265,263,347,0
178,174,280,312,0
207,184,262,262,0
187,179,257,262,0
192,153,294,308,0
118,118,284,340,0
210,198,267,286,0
188,0,396,448,1
129,134,311,361,0
187,121,312,327,0
143,181,291,336,1
132,115,315,371,0
213,164,294,252,0
150,178,221,298,0
137,159,287,305,0
129,220,242,336,0
171,171,266,294,0
188,139,245,273,0
167,167,273,308,0
125,135,302,305,0
155,137,298,344,0
167,181,284,343,0
188,181,259,259,0
174,108,263,256,0
199,160,294,259,0
108,13,350,406,0
129,135,272,365,0
153,149,335,336,1
209,160,287,273,0
124,10,358,408,0
199,171,273,357,0
142,146,247,338,0
178,146,280,291,0
202,188,252,242,0
166,161,298,353,0
206,167,273,249,0
78,6,380,430,0
147,126,328,304,0
94,13,364,385,1
157,122,266,256,0
105,1,376,434,0
127,137,356,307,0
199,140,278,273,1
157,97,287,287,0
195,199,238,256,0
206,167,287,301,0
201,185,256,258,0
101,17,350,335,0
182,129,293,309,0
188,136,291,263,1
160,143,280,301,0
180,172,264,313,0
195,146,273,270,1
185,188,287,277,0
199,206,284,319,0
185,118,305,238,0
194,113,307,296,0
202,188,252,280,0
179,146,249,252,0
118,49,328,375,0
114,145,320,408,0
114,149,277,364,0
167,111,322,336,0
208,218,243,280,0
161,154,280,313,0
179,100,321,356,0
184,94,317,268,0
192,136,259,238,0
157,125,259,263,0
157,10,329,345,0
167,202,280,340,0
167,202,228,280,0
48,136,172,266,0
136,258,259,368,0
135,119,264,369,1
136,73,298,287,0
156,78,290,300,0
65,83,244,355,0
139,178,256,308,0
164,129,284,287,0
220,217,258,270,0
188,115,294,249,0
134,134,300,294,0
206,171,263,277,0
188,181,252,263,0
189,160,277,283,0
213,185,242,231,0
167,174,266,315,0
157,181,252,322,0
237,181,308,336,0
209,160,259,248,0
188,195,259,298,0
139,115,273,305,0
202,170,242,252,0
139,138,298,307,0
209,184,250,258,0
185,181,259,277,0
174,146,287,319,0
206,216,259,270,0
202,185,252,256,0
185,179,263,276,0
182,134,258,252,0
147,96,300,340,0
150,143,294,284,0
150,143,294,284,0
167,136,312,315,0
199,164,256,270,0
195,195,249,270,0
195,188,242,249,0
181,139,287,333,1
206,188,249,259,0
188,153,277,284,0
199,192,252,266,0
213,195,256,245,0
206,178,238,224,0
185,153,273,277,0
181,122,270,329,0
185,157,266,277,0
178,143,259,266,0
167,151,277,300,0
188,150,249,284,0
195,153,266,266,0
171,149,268,267,0
202,167,259,266,1
209,186,259,248,0
188,174,259,277,0
158,114,269,314,0
34,94,301,403,0
202,185,245,259,0
195,188,245,256,0
207,182,252,255,0
61,90,297,387,1
167,118,305,322,0
139,115,287,343,0
195,157,256,266,0
192,171,252,238,0
174,157,249,256,0
164,150,277,287,0
202,192,252,259,0
201,179,248,256,0
181,167,252,284,0
199,181,238,235,0
209,188,256,252,0
110,0,445,447,1
122,52,343,347,1
135,90,310,387,0
188,181,259,263,0
185,97,347,263,0
0,59,419,362,0
202,185,245,249,0
158,122,311,310,0
195,164,284,287,0
199,143,259,245,0
207,184,257,271,0
178,161,267,316,0
164,118,298,319,0
195,199,242,249,0
93,0,306,385,0
180,154,282,255,0
154,61,320,325,0
180,192,252,326,0
108,52,357,403,0
72,36,358,426,0
178,115,277,284,0
178,206,231,270,0
171,52,315,291,0
188,143,277,305,0
91,110,306,412,0
209,200,281,338,0
195,185,249,242,0
143,115,280,329,0
157,136,273,326,0
167,139,277,305,0
174,171,245,277,0
135,87,246,230,0
178,136,277,245,0
167,136,242,231,0
167,143,284,298,0
174,165,267,335,0
188,171,235,242,0
159,119,277,305,0
160,150,280,287,0
181,181,273,266,0
159,86,280,283,0
185,150,252,270,0
178,129,301,354,0
209,195,266,294,1
185,164,273,308,0
178,73,308,242,0
178,171,280,280,0
195,185,238,259,0
193,117,263,237,0
185,146,277,270,0
115,152,283,428,0
181,178,273,284,0
188,150,277,270,0
191,174,259,279,0
157,108,259,270,1
126,66,303,402,0
192,199,256,259,0
171,146,254,254,0
181,108,298,277,0
203,184,235,237,0
227,181,280,266,0
195,129,305,294,0
136,150,291,301,0
199,177,272,265,0
150,125,259,305,0
74,0,359,448,0
200,199,250,263,0
167,170,224,280,0
180,212,233,289,0
202,202,249,266,0
146,170,211,281,0
199,164,259,259,0
171,121,272,272,0
185,129,256,238,0
178,153,252,266,1
202,153,284,252,1
94,48,355,419,0
0,90,359,395,0
175,188,227,256,0
206,127,255,208,0
160,111,319,350,0
185,132,284,284,0
206,195,252,263,0
178,118,277,291,0
178,164,249,280,0
154,100,312,342,0
206,195,249,270,0
206,202,249,249,0
219,219,248,269,0
134,118,251,257,0
195,174,294,315,0
66,27,357,364,0
175,147,303,332,0
188,160,259,280,0
181,171,266,284,0
188,129,291,301,0
188,195,252,277,0
181,115,301,333,0
171,181,256,291,0
132,106,355,391,0
192,202,252,298,0
195,202,245,263,0
199,206,235,245,0
164,125,278,248,0
164,136,308,357,0
84,56,263,319,0
168,218,235,291,0
153,171,242,287,0
132,136,242,277,0
172,85,297,315,1
198,191,245,273,0
62,101,350,329,0
209,132,298,284,0
163,146,262,302,0
144,103,259,247,0
184,117,268,252,0
188,181,249,263,0
126,28,342,338,0
198,191,255,269,0
145,92,316,303,0
181,146,294,315,0
167,171,270,266,0
174,76,301,249,0
148,128,319,349,0
167,139,245,263,0
215,134,290,219,0
199,185,273,287,0
178,149,260,273,0
202,160,266,238,0
166,126,272,278,0
164,129,254,240,0
195,157,280,284,0
164,136,235,231,0
177,149,283,333,1
83,59,298,350,0
185,185,298,277,0
181,115,284,266,0
213,195,241,234,0
154,37,330,272,0
212,162,265,265,0
157,139,280,319,0
164,80,305,322,0
139,69,315,245,0
192,174,263,280,0
192,160,230,223,0
188,136,315,291,0
170,52,328,311,0
115,34,321,444,0
198,178,256,263,0
118,48,343,347,1
139,153,312,312,0
151,133,297,363,0
157,181,291,315,0
202,195,249,266,0
162,145,358,301,0
212,197,233,235,0
206,195,238,235,0
109,116,271,412,1
185,178,284,284,0
206,153,259,250,0
180,172,279,279,0
183,175,261,289,0
196,121,280,266,0
209,185,249,242,0
191,170,257,244,0
178,171,277,329,0
189,251,233,318,0
206,185,259,263,0
157,157,277,322,0
181,174,266,305,0
157,69,301,284,0
129,241,203,333,0
192,181,263,280,0
188,244,287,403,0
241,135,280,217,0
192,150,270,350,0
177,150,255,282,0
157,122,259,287,0
126,2,295,362,0
125,136,315,284,0
188,164,256,263,0
196,167,271,275,0
149,152,241,259,0
195,157,294,273,1
170,126,269,284,0
178,150,270,249,0
206,181,259,256,0
178,146,249,284,0
174,188,252,322,0
174,220,252,354,0
207,225,252,288,0
169,140,287,290,0
163,221,235,308,0
114,145,307,445,0
167,188,242,308,0
174,213,256,347,0
101,142,246,374,0
122,101,357,413,0
157,115,277,305,0
185,161,271,264,0
174,174,235,273,0
167,213,224,298,0
185,150,263,263,0
72,89,317,370,1
139,132,308,371,0
170,236,249,319,0
79,38,349,392,0
192,185,266,270,0
133,73,284,342,0
181,234,214,270,0
179,230,251,297,0
110,67,331,407,1
259,214,317,311,0
213,192,284,294,0
164,143,294,333,1
218,185,254,257,0
192,150,256,249,0
115,104,256,280,0
194,220,282,327,0
188,223,252,340,0
174,153,270,354,0
185,181,280,340,0
195,171,266,277,0
174,220,242,347,0
211,29,334,230,0
212,150,258,222,0
139,153,315,397,0
188,178,266,308,0
160,125,263,259,0
188,160,267,295,0
143,174,224,347,0
195,188,249,252,0
93,56,361,373,0
115,107,274,341,0
195,136,298,263,0
45,24,403,417,1
115,66,312,347,0
178,132,284,284,1
178,143,287,301,0
185,167,277,287,0
167,171,256,291,0
172,209,284,328,0
153,97,305,375,0
160,178,263,336,0
159,142,327,403,0
200,228,231,276,0
188,160,284,280,0
163,224,284,378,0
131,66,283,342,0
157,171,221,249,0
181,156,266,329,0
184,128,265,308,0
162,136,279,302,0
174,146,273,287,0
160,101,284,270,1
178,146,291,284,0
59,41,301,344,0
185,111,270,319,0
174,153,266,336,0
188,157,291,301,1
164,153,291,284,0
164,125,277,312,1
174,129,256,294,1
101,207,206,374,0
202,248,259,305,0
174,157,245,284,0
181,125,368,277,1
200,201,258,261,0
118,136,327,444,1
160,192,209,266,0
139,62,298,312,0
181,227,235,315,0
192,150,258,283,0
174,139,259,301,0
157,211,251,321,1
188,178,249,270,0
167,153,291,287,1
135,52,313,286,1
181,87,284,354,1
167,97,308,333,1
202,164,280,280,0
185,209,266,319,1
10,1,408,448,0
38,0,217,448,0
199,185,242,259,0
188,0,396,448,1
195,189,251,262,0
202,190,246,280,0
206,174,252,256,0
195,206,252,266,0
195,178,280,294,0
195,185,252,270,0
199,174,259,252,1
174,132,280,301,1
52,17,396,389,1
27,59,399,448,0
157,174,277,319,0
118,69,291,308,1
155,99,305,381,1
139,125,256,291,0
167,150,280,301,1
185,143,270,291,0
163,167,285,304,1
213,160,263,238,0
155,121,265,347,0
97,115,294,364,0
222,309,265,389,0
125,167,308,396,1
152,143,416,355,1
103,73,305,410,1
188,216,294,406,0
195,167,298,343,0
174,119,266,230,0
157,83,284,308,0
185,113,289,299,0
133,64,433,446,0
213,192,259,273,0
164,171,280,291,0
206,188,245,249,0
210,182,259,246,0
139,125,287,336,0
181,181,287,329,0
145,143,310,320,0
85,5,446,447,0
78,2,342,320,0
164,220,221,305,0
185,188,259,277,0
178,160,294,294,0
175,128,349,329,0
82,47,352,401,0
178,139,291,277,0
223,251,273,312,0
168,82,285,317,1
195,192,259,273,0
152,125,298,381,0
157,101,280,301,0
160,97,263,263,0
156,145,299,384,0
156,140,302,333,1
142,1,419,417,0
178,164,235,263,0
192,206,287,336,1
97,153,277,298,1
118,167,378,343,0
150,132,273,270,0
98,1,333,398,1
213,192,270,259,0
153,160,263,319,0
197,193,245,255,0
202,167,252,259,0
132,45,294,305,0
213,209,245,249,0
180,163,282,284,0
192,146,263,287,0
103,116,337,345,0
206,178,256,273,0
202,192,252,252,0
202,178,256,263,0
145,125,295,315,0
195,160,259,252,0
213,181,245,238,0
202,185,266,249,0
185,160,249,252,1
103,104,274,314,0
143,174,270,354,0
153,206,263,343,0
195,181,256,270,0
181,241,284,347,1
120,23,332,427,1
103,55,214,292,0
185,167,245,235,0
206,160,242,228,0
216,234,259,294,1
32,39,330,431,1
153,153,326,375,0
181,185,259,266,0
174,171,277,312,1
178,192,280,326,1
53,58,323,442,1
72,39,389,403,0
48,41,357,423,0
160,178,308,347,1
66,80,347,382,1
172,166,237,267,0
160,195,256,294,0
178,191,256,288,0
199,181,249,242,0
52,174,204,353,0
164,181,291,385,0
262,153,315,238,0
188,115,312,256,0
206,160,277,287,0
181,153,273,263,0
129,83,277,322,0
103,81,374,423,0
161,194,322,366,0
187,209,254,313,0
192,139,252,242,1
183,206,277,332,0
127,99,312,373,0
141,46,314,353,0
172,188,244,286,0
164,216,221,287,0
190,138,277,284,0
174,136,291,294,0
178,192,277,368,1
181,181,214,228,0
211,195,236,239,0
110,155,254,398,1
186,173,301,352,1
146,132,231,273,0
105,143,204,341,0
180,108,294,285,0
178,132,287,270,0
153,27,294,301,1
177,78,327,357,1
171,157,287,277,1
71,146,196,349,0
146,83,242,224,1
90,87,249,298,0
122,69,252,305,0
139,69,329,326,1
160,185,252,301,0
202,160,259,280,0
192,132,284,266,0
217,127,282,192,0
253,151,335,254,0
152,75,299,349,1
228,145,334,238,0
206,216,256,277,0
146,146,245,259,1
164,192,262,332,1
122,192,263,354,1
153,241,312,343,0
170,215,269,337,0
35,5,407,446,1
112,12,353,406,0
154,244,196,316,0
20,0,231,448,1
185,115,350,294,1
181,167,298,287,0
192,199,284,266,0
72,81,347,416,1
146,151,274,303,0
157,167,298,340,1
199,293,247,368,0
188,118,252,203,1
202,202,273,329,0
212,292,267,366,0
135,38,279,365,1
169,129,307,399,1
69,33,256,285,0
192,164,298,315,0
122,94,294,249,1
159,120,215,201,0
70,34,249,317,1
24,0,336,431,1
171,223,284,357,1
195,129,259,252,1
184,228,265,367,0
150,195,294,350,0
92,40,405,372,1
164,166,275,324,1
69,83,231,287,1
196,189,256,283,0
59,17,371,417,1
160,199,319,343,0
128,119,310,313,0
131,79,270,282,0
122,79,344,408,1
107,37,396,431,1
202,178,256,256,0
122,167,270,392,0
126,34,247,374,1
167,174,280,354,0
215,192,244,259,1
89,0,417,435,1
186,160,283,385,1
43,68,321,364,0
195,192,252,280,0
146,104,308,350,0
87,132,315,340,0
132,59,364,425,1
193,207,259,319,0
181,150,270,280,1
174,146,284,319,1
199,255,238,324,0
90,52,315,305,1
230,171,291,249,0
199,164,263,270,0
80,108,273,378,0
170,137,303,358,0
146,111,287,340,0
188,164,263,266,0
199,192,245,245,0
55,31,329,392,1
174,220,266,368,1
131,161,265,371,1
192,172,232,232,0
174,153,301,333,1
115,129,336,448,0
160,129,284,350,1
181,220,259,375,0
24,1,281,430,1
101,66,329,357,1
150,124,320,356,1
152,52,261,326,0
114,27,320,444,1
171,181,273,368,1
52,52,378,448,0
199,255,242,329,0
137,78,288,401,1
181,115,235,186,0
139,59,266,336,1
171,178,259,329,1
167,209,259,357,1
55,13,403,448,0
104,115,301,298,1
56,35,328,395,1
93,0,386,447,1
110,181,218,337,0
181,241,284,347,0
122,87,284,368,1
146,136,350,392,0
139,192,273,322,0
38,101,410,420,1
160,122,301,333,0
195,213,249,284,0
192,240,251,355,0
188,188,308,308,0
139,181,294,350,0
174,244,207,298,0
209,90,305,242,0
188,171,273,263,0
195,213,266,319,0
181,241,280,371,0
155,102,300,323,0
161,136,273,297,0
178,153,270,284,1
162,136,306,351,1
160,150,263,280,1
191,234,260,351,0
160,136,270,245,0
146,136,329,333,1
164,178,280,343,0
153,139,291,354,0
171,192,291,347,1
210,233,265,312,0
115,73,333,340,0
188,153,298,308,0
169,75,364,271,1
169,194,237,310,0
182,133,272,268,1
185,181,270,298,0
122,56,367,439,1
178,216,214,270,0
164,143,291,354,0
98,86,285,400,0
146,202,266,378,1
146,202,245,357,1
192,322,225,378,0
188,69,347,333,0
62,179,396,358,1
129,73,280,389,0
172,131,328,292,0
202,202,266,308,0
172,127,255,288,0
146,157,259,319,0
111,139,291,350,0
97,152,300,347,0
136,18,287,430,0
114,21,250,424,0
120,68,279,446,0
124,20,281,408,0
135,149,239,290,0
171,111,242,231,0
185,202,259,301,0
174,188,221,235,0
167,178,235,266,0
125,34,312,403,0
143,136,298,305,0
150,136,270,315,0
167,178,238,249,0
129,158,266,281,0
108,69,385,399,0
108,98,347,366,0
167,154,360,444,0
139,0,375,441,0
66,13,361,399,0
73,31,403,431,0
73,0,308,403,0
125,185,273,315,0
143,199,252,294,0
128,169,234,276,0
171,192,245,280,0
125,4,333,446,0
192,181,270,298,0
54,110,411,337,0
150,139,287,336,0
160,150,249,315,0
199,192,252,242,0
129,132,294,333,0
143,103,358,347,0
114,147,300,327,0
118,108,336,315,0
185,143,291,270,0
118,94,270,280,0
187,165,310,314,0
115,129,305,322,0
129,150,238,273,0
124,22,289,415,0
132,76,294,259,0
157,146,364,396,0
125,115,315,336,0
64,0,361,447,0
199,160,354,340,0
157,101,294,326,0
115,80,347,357,0
10,20,424,448,0
87,87,350,340,0
175,114,278,305,0
234,153,326,266,0
199,195,354,354,0
94,10,301,406,0
38,55,389,434,0
49,21,414,435,0
141,137,263,332,0
160,73,291,312,0
97,34,308,368,0
76,27,319,364,0
73,97,287,410,0
24,0,193,448,0
136,132,301,364,0
45,41,313,431,0
38,10,375,448,1
55,10,340,399,0
17,0,445,434,0
78,43,361,446,0
146,93,307,292,0
140,127,296,323,0
38,0,200,448,1
115,122,319,354,0
38,6,399,431,0
94,94,322,392,0
83,10,361,448,0
76,69,315,431,0
0,45,427,438,0
0,0,438,413,0
32,23,397,432,0
87,34,364,427,0
90,115,266,329,0
24,34,413,381,0
45,38,441,448,0
129,160,259,322,0
118,69,322,326,0
87,108,340,347,0
90,66,371,347,0
97,90,336,385,0
196,59,373,271,1
276,0,385,448,0
139,59,322,336,0
73,4,320,446,0
129,115,312,403,1
221,113,310,239,0
155,104,317,340,0
27,0,406,413,0
115,76,315,368,0
122,125,259,266,0
153,108,368,368,0
115,69,340,347,0
94,52,336,434,0
122,122,266,263,0
38,73,445,396,0
45,52,448,448,0
199,129,354,385,0
195,167,315,343,0
69,73,364,427,0
45,43,309,389,0
62,52,378,354,0
80,45,343,354,1
136,59,343,329,0
96,88,332,359,0
59,20,396,427,0
188,13,343,280,0
78,50,324,373,0
136,83,294,329,0
45,6,396,438,0
164,132,301,326,0
139,27,375,340,0
168,66,329,347,0
164,129,371,385,0
76,150,322,413,0
131,79,353,380,0
125,90,368,322,0
101,52,322,413,0
153,115,298,336,0
31,17,413,406,1
188,80,378,392,1
73,34,392,399,0
132,118,417,319,0
129,101,329,368,0
143,90,320,306,0
93,19,386,446,0
48,80,385,410,0
69,24,392,424,0
97,94,280,368,1
108,111,298,294,1
97,0,417,336,1
167,157,298,329,0
171,143,308,343,0
132,101,312,385,0
164,160,259,308,0
111,125,308,340,0
213,104,312,277,0
41,10,410,448,1
74,16,347,435,1
80,76,361,441,1
146,83,340,389,1
53,67,257,385,1
136,76,308,350,0
181,129,413,392,0
286,0,413,448,0
62,55,270,392,0
97,27,406,385,1
111,52,301,301,1
17,87,357,448,1
136,27,431,445,0
66,97,368,413,1
62,62,371,347,1
55,45,340,448,0
94,122,280,424,0
23,4,425,445,0
193,160,353,386,0
118,17,424,448,1
0,0,420,438,0
83,62,340,392,0
118,104,249,326,0
76,66,319,371,0
101,87,333,399,1
55,13,364,420,1
20,6,448,448,1
45,41,371,448,1
101,66,354,375,1
38,0,263,448,0
118,81,364,366,0
139,160,378,364,0
128,51,389,446,1
3,0,434,441,0
