ISIC_0000000.jpg 25,24,448,317,0
ISIC_0000001.jpg 180,115,323,240,0
ISIC_0000003.jpg 130,26,422,348,0
ISIC_0000004.jpg 91,29,358,358,0
ISIC_0000006.jpg 168,96,311,268,0
ISIC_0000007.jpg 174,118,343,265,0
ISIC_0000008.jpg 100,42,402,357,0
ISIC_0000009.jpg 93,78,365,314,0
ISIC_0000011.jpg 122,77,375,286,0
ISIC_0000012.jpg 189,142,309,258,0
ISIC_0000013.jpg 100,62,393,318,0
ISIC_0000014.jpg 64,68,402,319,0
ISIC_0000015.jpg 90,57,361,305,0
ISIC_0000016.jpg 124,14,366,255,0
ISIC_0000017.jpg 213,132,497,435,0
ISIC_0000018.jpg 99,108,583,425,0
ISIC_0000019.jpg 106,114,569,506,0
ISIC_0000020.jpg 150,75,467,546,0
ISIC_0000021.jpg 108,54,542,525,0
ISIC_0000022.jpg 76,59,672,467,0
ISIC_0000023.jpg 290,131,621,414,0
ISIC_0000024.jpg 171,67,634,516,0
ISIC_0000025.jpg 199,127,545,484,0
ISIC_0000026.jpg 41,45,729,529,0
ISIC_0000027.jpg 186,87,502,475,0
ISIC_0000028.jpg 137,136,585,471,0
ISIC_0000029.jpg 151,49,623,534,0
ISIC_0000030.jpg 124,12,685,552,0
ISIC_0000031.jpg 94,76,595,502,0
ISIC_0000032.jpg 157,97,565,531,0
ISIC_0000034.jpg 185,167,627,432,0
ISIC_0000035.jpg 88,38,662,505,0
ISIC_0000036.jpg 62,85,593,513,0
ISIC_0000037.jpg 69,9,685,508,0
ISIC_0000038.jpg 8,68,689,526,0
ISIC_0000039.jpg 176,122,543,463,0
ISIC_0000040.jpg 167,83,593,460,0
ISIC_0000041.jpg 218,154,408,382,0
ISIC_0000042.jpg 158,63,580,527,0
ISIC_0000043.jpg 99,73,610,544,0
ISIC_0000044.jpg 60,39,673,505,0
ISIC_0000045.jpg 114,9,542,433,0
ISIC_0000046.jpg 80,75,629,486,0
ISIC_0000047.jpg 129,100,518,463,0
ISIC_0000048.jpg 190,143,424,471,0
ISIC_0000049.jpg 57,2,708,535,0
ISIC_0000050.jpg 153,99,660,459,0
ISIC_0000051.jpg 107,96,607,494,0
ISIC_0000052.jpg 97,2,705,562,0
ISIC_0000053.jpg 53,8,619,558,0
ISIC_0000054.jpg 177,130,549,497,0
ISIC_0000055.jpg 213,38,736,562,0
ISIC_0000056.jpg 150,21,696,521,0
ISIC_0000057.jpg 209,168,519,533,0
ISIC_0000058.jpg 116,40,660,547,0
ISIC_0000059.jpg 70,77,621,510,0
ISIC_0000060.jpg 57,48,575,558,0
ISIC_0000061.jpg 153,101,601,520,0
ISIC_0000062.jpg 253,155,436,424,0
ISIC_0000063.jpg 106,56,606,562,0
ISIC_0000064.jpg 131,88,551,528,0
ISIC_0000065.jpg 86,156,671,427,0
ISIC_0000066.jpg 16,6,419,341,0
ISIC_0000067.jpg 63,40,307,319,0
ISIC_0000068.jpg 46,66,393,315,0
ISIC_0000069.jpg 122,112,352,275,0
ISIC_0000071.jpg 137,124,322,248,0
ISIC_0000072.jpg 157,111,324,312,0
ISIC_0000073.jpg 63,64,447,312,0
ISIC_0000074.jpg 21,26,506,317,0
ISIC_0000075.jpg 39,1,469,380,0
ISIC_0000077.jpg 138,88,628,557,0
ISIC_0000078.jpg 253,153,508,431,0
ISIC_0000079.jpg 241,201,483,385,0
ISIC_0000080.jpg 338,231,940,747,0
ISIC_0000081.jpg 280,209,663,593,0
ISIC_0000082.jpg 273,65,773,655,0
ISIC_0000085.jpg 324,223,742,602,0
ISIC_0000086.jpg 196,243,1059,707,0
ISIC_0000087.jpg 125,123,955,611,0
ISIC_0000088.jpg 257,87,742,662,0
ISIC_0000089.jpg 369,152,663,661,0
ISIC_0000091.jpg 308,186,647,604,0
ISIC_0000092.jpg 357,233,723,496,0
ISIC_0000093.jpg 364,248,702,575,0
ISIC_0000094.jpg 409,284,737,489,0
ISIC_0000095.jpg 399,233,653,562,0
ISIC_0000096.jpg 243,106,851,590,0
ISIC_0000097.jpg 220,97,843,583,0
ISIC_0000098.jpg 394,306,592,436,0
ISIC_0000099.jpg 114,153,909,689,0
ISIC_0000100.jpg 269,51,937,816,0
ISIC_0000101.jpg 246,19,912,787,0
ISIC_0000102.jpg 420,300,593,478,0
ISIC_0000103.jpg 68,59,769,656,0
ISIC_0000104.jpg 252,162,806,589,0
ISIC_0000105.jpg 433,238,800,600,0
ISIC_0000107.jpg 251,71,700,646,0
ISIC_0000108.jpg 339,175,817,586,0
ISIC_0000109.jpg 111,65,843,763,0
ISIC_0000110.jpg 309,216,716,475,0
ISIC_0000111.jpg 46,41,994,745,0
ISIC_0000112.jpg 276,118,793,551,0
ISIC_0000113.jpg 339,235,965,775,0
ISIC_0000115.jpg 358,137,725,724,0
ISIC_0000116.jpg 66,87,768,671,0
ISIC_0000117.jpg 330,117,860,554,0
ISIC_0000119.jpg 330,136,711,639,0
ISIC_0000120.jpg 170,36,809,731,0
ISIC_0000121.jpg 192,146,742,679,0
ISIC_0000122.jpg 190,125,914,644,0
ISIC_0000123.jpg 263,153,823,521,0
ISIC_0000124.jpg 265,85,745,668,0
ISIC_0000125.jpg 482,322,608,437,0
ISIC_0000126.jpg 218,138,763,630,0
ISIC_0000127.jpg 110,5,854,689,0
ISIC_0000128.jpg 308,188,738,573,0
ISIC_0000129.jpg 413,231,705,599,0
ISIC_0000131.jpg 234,49,755,555,0
ISIC_0000132.jpg 410,177,610,400,0
ISIC_0000133.jpg 402,176,773,563,0
ISIC_0000134.jpg 431,196,656,597,0
ISIC_0000135.jpg 383,265,765,649,0
ISIC_0000136.jpg 68,30,899,708,0
ISIC_0000137.jpg 235,161,897,573,0
ISIC_0000138.jpg 344,199,777,620,0
ISIC_0000139.jpg 357,161,1075,882,0
ISIC_0000140.jpg 374,102,1208,949,0
ISIC_0000141.jpg 273,224,831,577,0
ISIC_0000142.jpg 236,115,852,694,0
ISIC_0000143.jpg 244,265,1048,833,0
ISIC_0000145.jpg 252,55,763,657,0
ISIC_0000146.jpg 194,67,824,661,0
ISIC_0000147.jpg 184,27,888,731,0
ISIC_0000148.jpg 496,180,1000,830,0
ISIC_0000149.jpg 207,7,964,691,0
ISIC_0000150.jpg 143,118,836,660,0
ISIC_0000151.jpg 290,212,715,495,0
ISIC_0000152.jpg 413,79,999,752,0
ISIC_0000153.jpg 261,127,1013,827,0
ISIC_0000154.jpg 377,185,757,527,0
ISIC_0000155.jpg 172,21,906,751,0
ISIC_0000156.jpg 204,56,770,725,0
ISIC_0000157.jpg 116,38,377,302,0
ISIC_0000159.jpg 141,36,417,357,0
ISIC_0000160.jpg 0,20,359,269,0
ISIC_0000161.jpg 73,20,435,331,0
ISIC_0000162.jpg 80,11,403,281,0
ISIC_0000163.jpg 90,54,398,274,0
ISIC_0000164.jpg 118,48,424,314,0
ISIC_0000165.jpg 217,47,403,198,0
ISIC_0000166.jpg 47,3,307,249,0
ISIC_0000167.jpg 117,4,346,249,0
ISIC_0000169.jpg 64,32,296,231,0
ISIC_0000170.jpg 76,35,354,213,0
ISIC_0000171.jpg 59,36,408,337,0
ISIC_0000172.jpg 118,28,393,323,0
ISIC_0000173.jpg 33,33,305,212,0
ISIC_0000175.jpg 121,49,332,279,0
ISIC_0000176.jpg 96,115,378,338,0
ISIC_0000177.jpg 149,64,355,216,0
ISIC_0000179.jpg 130,59,705,482,0
ISIC_0000181.jpg 340,42,627,429,0
ISIC_0000182.jpg 199,86,576,447,0
ISIC_0000183.jpg 86,20,426,351,0
ISIC_0000184.jpg 101,37,468,313,0
ISIC_0000185.jpg 111,69,361,342,0
ISIC_0000186.jpg 191,79,356,223,0
ISIC_0000187.jpg 34,2,357,270,0
ISIC_0000188.jpg 141,2,715,517,0
ISIC_0000189.jpg 180,73,633,524,0
ISIC_0000190.jpg 21,6,319,271,0
ISIC_0000191.jpg 258,144,568,355,0
ISIC_0000192.jpg 15,35,651,454,0
ISIC_0000193.jpg 73,71,412,283,0
ISIC_0000196.jpg 181,83,591,510,0
ISIC_0000197.jpg 249,71,628,524,0
ISIC_0000198.jpg 102,47,269,206,0
ISIC_0000199.jpg 67,46,284,231,0
ISIC_0000200.jpg 112,29,367,248,0
ISIC_0000201.jpg 159,90,389,268,0
ISIC_0000202.jpg 0,6,747,523,0
ISIC_0000203.jpg 0,0,750,524,0
ISIC_0000204.jpg 106,0,603,506,0
ISIC_0000205.jpg 50,1,720,490,0
ISIC_0000206.jpg 178,136,555,437,0
ISIC_0000207.jpg 2,1,528,348,0
ISIC_0000208.jpg 124,3,750,525,0
ISIC_0000209.jpg 26,2,319,262,0
ISIC_0000210.jpg 128,91,241,184,0
ISIC_0000211.jpg 145,80,323,240,0
ISIC_0000212.jpg 11,8,360,261,0
ISIC_0000213.jpg 32,49,312,235,0
ISIC_0000214.jpg 106,59,459,245,0
ISIC_0000215.jpg 1,2,451,336,0
ISIC_0000216.jpg 101,29,432,308,0
ISIC_0000217.jpg 31,2,414,288,0
ISIC_0000218.jpg 132,115,562,383,0
ISIC_0000219.jpg 73,4,384,272,0
ISIC_0000220.jpg 116,113,304,257,0
ISIC_0000221.jpg 176,77,372,244,0
ISIC_0000222.jpg 53,0,423,308,0
ISIC_0000223.jpg 5,40,477,286,0
ISIC_0000224.jpg 66,2,412,319,0
ISIC_0000225.jpg 131,126,285,283,0
ISIC_0000226.jpg 63,19,399,308,0
ISIC_0000227.jpg 164,102,378,285,0
ISIC_0000228.jpg 43,49,388,293,0
ISIC_0000229.jpg 24,26,433,281,0
ISIC_0000230.jpg 15,19,448,335,0
ISIC_0000231.jpg 147,13,394,310,0
ISIC_0000232.jpg 133,53,323,245,0
ISIC_0000233.jpg 1,22,472,334,0
ISIC_0000234.jpg 40,8,366,293,0
ISIC_0000235.jpg 29,7,323,269,0
ISIC_0000236.jpg 18,16,430,340,0
ISIC_0000239.jpg 85,55,445,343,0
ISIC_0000240.jpg 154,88,376,289,0
ISIC_0000242.jpg 41,53,482,308,0
ISIC_0000243.jpg 18,49,245,342,0
ISIC_0000244.jpg 80,20,345,331,0
ISIC_0000245.jpg 58,42,450,349,0
ISIC_0000246.jpg 48,0,443,365,0
ISIC_0000247.jpg 177,85,338,268,0
ISIC_0000249.jpg 133,132,382,308,0
ISIC_0000250.jpg 79,55,433,294,0
ISIC_0000251.jpg 168,123,361,273,0
ISIC_0000252.jpg 57,81,224,283,0
ISIC_0000253.jpg 81,104,191,233,0
ISIC_0000254.jpg 124,83,368,283,0
ISIC_0000255.jpg 96,90,378,279,0
ISIC_0000256.jpg 194,109,319,263,0
ISIC_0000258.jpg 18,75,446,382,0
ISIC_0000259.jpg 0,2,511,383,0
ISIC_0000260.jpg 124,76,348,275,0
ISIC_0000261.jpg 184,113,333,259,0
ISIC_0000262.jpg 102,141,208,240,0
ISIC_0000263.jpg 102,77,346,325,0
ISIC_0000264.jpg 38,29,468,323,0
ISIC_0000265.jpg 166,53,406,333,0
ISIC_0000268.jpg 33,78,507,373,0
ISIC_0000269.jpg 51,105,214,283,0
ISIC_0000271.jpg 115,112,369,312,0
ISIC_0000274.jpg 66,86,431,316,0
ISIC_0000275.jpg 218,111,339,305,0
ISIC_0000276.jpg 94,3,399,365,0
ISIC_0000277.jpg 58,40,418,350,0
ISIC_0000278.jpg 18,6,426,338,0
ISIC_0000279.jpg 16,0,455,373,0
ISIC_0000281.jpg 119,98,430,335,0
ISIC_0000282.jpg 51,1,402,346,0
ISIC_0000283.jpg 135,90,367,284,0
ISIC_0000287.jpg 79,69,448,318,0
ISIC_0000288.jpg 0,1,508,382,0
ISIC_0000290.jpg 82,56,432,296,0
ISIC_0000292.jpg 10,2,433,381,0
ISIC_0000293.jpg 31,1,511,383,0
ISIC_0000294.jpg 4,7,509,359,0
ISIC_0000295.jpg 31,2,368,286,0
ISIC_0000297.jpg 127,46,254,166,0
ISIC_0000298.jpg 113,121,260,241,0
ISIC_0000299.jpg 12,5,348,262,0
ISIC_0000300.jpg 29,3,284,285,0
ISIC_0000301.jpg 2,1,383,287,0
ISIC_0000303.jpg 0,1,382,286,0
ISIC_0000306.jpg 103,71,256,218,0
ISIC_0000307.jpg 0,1,352,284,0
ISIC_0000310.jpg 13,2,349,284,0
ISIC_0000311.jpg 14,6,379,284,0
ISIC_0000313.jpg 112,67,326,227,0
ISIC_0000314.jpg 73,26,308,238,0
ISIC_0000315.jpg 91,40,258,204,0
ISIC_0000316.jpg 76,21,313,269,0
ISIC_0000317.jpg 124,82,182,164,0
ISIC_0000319.jpg 102,69,266,199,0
ISIC_0000320.jpg 79,33,302,261,0
ISIC_0000321.jpg 61,2,337,225,0
ISIC_0000322.jpg 39,43,294,197,0
ISIC_0000323.jpg 120,61,234,171,0
ISIC_0000324.jpg 81,18,299,254,0
ISIC_0000325.jpg 67,32,281,223,0
ISIC_0000326.jpg 111,72,258,240,0
ISIC_0000327.jpg 100,49,269,199,0
ISIC_0000328.jpg 62,9,319,261,0
ISIC_0000329.jpg 106,57,241,211,0
ISIC_0000330.jpg 111,35,297,174,0
ISIC_0000331.jpg 62,68,275,266,0
ISIC_0000332.jpg 104,37,248,179,0
ISIC_0000336.jpg 95,52,245,200,0
ISIC_0000337.jpg 53,4,336,271,0
ISIC_0000338.jpg 105,74,246,242,0
ISIC_0000339.jpg 114,38,265,164,0
ISIC_0000340.jpg 121,80,254,249,0
ISIC_0000341.jpg 98,22,290,224,0
ISIC_0000342.jpg 79,64,258,217,0
ISIC_0000343.jpg 17,39,272,268,0
ISIC_0000344.jpg 44,24,310,272,0
ISIC_0000345.jpg 138,93,217,175,0
ISIC_0000346.jpg 97,64,280,252,0
ISIC_0000348.jpg 103,60,294,233,0
ISIC_0000349.jpg 106,64,240,196,0
ISIC_0000350.jpg 42,84,282,217,0
ISIC_0000351.jpg 104,97,285,195,0
ISIC_0000352.jpg 130,83,251,211,0
ISIC_0000353.jpg 79,65,283,247,0
ISIC_0000354.jpg 76,0,310,256,0
ISIC_0000355.jpg 52,26,270,283,0
ISIC_0000357.jpg 136,86,260,197,0
ISIC_0000358.jpg 119,37,266,197,0
ISIC_0000359.jpg 24,1,356,284,0
ISIC_0000360.jpg 137,112,237,222,0
ISIC_0000361.jpg 80,27,310,256,0
ISIC_0000363.jpg 95,75,315,239,0
ISIC_0000364.jpg 41,6,316,281,0
ISIC_0000365.jpg 103,82,251,222,0
ISIC_0000366.jpg 107,65,210,183,0
ISIC_0000367.jpg 73,46,318,249,0
ISIC_0000368.jpg 87,1,371,285,0
ISIC_0000370.jpg 74,42,308,253,0
ISIC_0000372.jpg 21,62,267,227,0
ISIC_0000374.jpg 108,53,250,215,0
ISIC_0000376.jpg 337,66,960,841,0
ISIC_0000377.jpg 337,286,1039,985,0
ISIC_0000378.jpg 258,4,1029,830,0
ISIC_0000379.jpg 259,167,1362,1110,0
ISIC_0000380.jpg 74,244,997,930,0
ISIC_0000381.jpg 70,206,834,949,0
ISIC_0000382.jpg 159,238,872,941,0
ISIC_0000383.jpg 227,199,889,843,0
ISIC_0000384.jpg 389,443,778,789,0
ISIC_0000385.jpg 414,248,1112,935,0
ISIC_0000386.jpg 447,350,1069,1006,0
ISIC_0000387.jpg 369,319,861,925,0
ISIC_0000388.jpg 523,356,967,857,0
ISIC_0000390.jpg 234,291,1533,1087,0
ISIC_0000391.jpg 250,131,1206,1072,0
ISIC_0000392.jpg 262,218,1170,913,0
ISIC_0000393.jpg 137,14,1312,1139,0
ISIC_0000395.jpg 100,125,1087,1142,0
ISIC_0000396.jpg 298,194,1052,874,0
ISIC_0000397.jpg 342,161,1095,988,0
ISIC_0000403.jpg 497,271,999,971,0
ISIC_0000407.jpg 172,252,1323,983,0
ISIC_0000408.jpg 3,55,1535,1042,0
ISIC_0000409.jpg 404,279,823,657,0
ISIC_0000410.jpg 248,1,832,685,0
ISIC_0000412.jpg 244,106,1217,1085,0
ISIC_0000413.jpg 116,192,1493,1098,0
ISIC_0000415.jpg 49,1,1485,1149,0
ISIC_0000416.jpg 416,209,932,901,0
ISIC_0000418.jpg 276,251,1281,898,0
ISIC_0000419.jpg 295,71,1291,1107,0
ISIC_0000420.jpg 213,279,1260,872,0
ISIC_0000421.jpg 352,219,1084,957,0
ISIC_0000423.jpg 231,204,1201,987,0
ISIC_0000425.jpg 228,24,1290,1099,0
ISIC_0000426.jpg 73,4,1535,1084,0
ISIC_0000427.jpg 303,121,1103,1035,0
ISIC_0000431.jpg 565,205,1048,834,0
ISIC_0000433.jpg 3,1,1404,1059,0
ISIC_0000434.jpg 272,34,1216,846,0
ISIC_0000436.jpg 99,16,1204,1127,0
ISIC_0000439.jpg 481,311,928,720,0
ISIC_0000442.jpg 418,229,1157,917,0
ISIC_0000443.jpg 553,272,1035,758,0
ISIC_0000444.jpg 434,222,1061,760,0
ISIC_0000447.jpg 321,389,649,737,0
ISIC_0000448.jpg 456,225,1143,985,0
ISIC_0000449.jpg 696,380,985,681,0
ISIC_0000451.jpg 396,368,1062,980,0
ISIC_0000453.jpg 455,190,1191,1059,0
ISIC_0000455.jpg 131,210,923,761,0
ISIC_0000456.jpg 273,129,1133,933,0
ISIC_0000457.jpg 124,9,412,325,0
ISIC_0000458.jpg 109,81,347,340,0
ISIC_0000460.jpg 78,101,343,284,0
ISIC_0000461.jpg 62,97,422,343,0
ISIC_0000463.jpg 375,50,1094,788,0
ISIC_0000465.jpg 141,88,314,322,0
ISIC_0000466.jpg 100,22,369,377,0
ISIC_0000469.jpg 108,32,373,326,0
ISIC_0000470.jpg 94,88,342,303,0
ISIC_0000471.jpg 147,95,316,316,0
ISIC_0000473.jpg 482,208,1063,812,0
ISIC_0000474.jpg 28,40,435,384,0
ISIC_0000476.jpg 20,12,448,398,0
ISIC_0000477.jpg 110,50,373,381,0
ISIC_0000479.jpg 14,0,420,384,0
ISIC_0000480.jpg 101,57,308,318,0
ISIC_0000481.jpg 2,6,459,400,0
ISIC_0000482.jpg 63,114,390,296,0
ISIC_0000483.jpg 74,59,385,315,0
ISIC_0000484.jpg 32,35,459,330,0
ISIC_0000485.jpg 0,0,457,398,0
ISIC_0000486.jpg 118,85,320,326,0
ISIC_0000487.jpg 16,59,374,363,0
ISIC_0000488.jpg 100,112,376,271,0
ISIC_0000489.jpg 102,0,348,330,0
ISIC_0000490.jpg 99,73,374,322,0
ISIC_0000491.jpg 52,13,399,393,0
ISIC_0000492.jpg 138,79,313,313,0
ISIC_0000493.jpg 72,40,420,371,0
ISIC_0000494.jpg 134,98,317,294,0
ISIC_0000495.jpg 133,80,331,337,0
ISIC_0000496.jpg 137,25,333,330,0
ISIC_0000498.jpg 68,91,407,318,0
ISIC_0000499.jpg 130,89,353,287,0
ISIC_0000500.jpg 77,129,377,303,0
ISIC_0000501.jpg 123,88,332,308,0
ISIC_0000503.jpg 90,81,368,307,0
ISIC_0000504.jpg 650,240,1299,874,0
ISIC_0000505.jpg 147,66,319,348,0
ISIC_0000506.jpg 162,125,303,292,0
ISIC_0000507.jpg 83,27,365,270,0
ISIC_0000508.jpg 121,53,373,266,0
ISIC_0000509.jpg 123,26,341,380,0
ISIC_0000510.jpg 94,68,369,329,0
ISIC_0000511.jpg 40,10,436,391,0
ISIC_0000513.jpg 78,84,353,318,0
ISIC_0000514.jpg 148,82,310,308,0
ISIC_0000515.jpg 67,47,388,385,0
ISIC_0000517.jpg 2,1,457,400,0
ISIC_0000518.jpg 126,61,337,305,0
ISIC_0000519.jpg 343,11,1323,1140,0
ISIC_0000520.jpg 408,450,1111,978,0
ISIC_0000521.jpg 7,190,1509,1018,0
ISIC_0000522.jpg 101,21,351,359,0
ISIC_0000523.jpg 116,85,349,311,0
ISIC_0000524.jpg 81,59,391,332,0
ISIC_0000525.jpg 95,46,426,312,0
ISIC_0000527.jpg 132,40,376,301,0
ISIC_0000528.jpg 150,81,375,260,0
ISIC_0000529.jpg 66,33,453,323,0
ISIC_0000530.jpg 92,68,326,327,0
ISIC_0000531.jpg 123,65,343,312,0
ISIC_0000532.jpg 82,98,363,326,0
ISIC_0000533.jpg 167,3,446,331,0
ISIC_0000534.jpg 47,25,350,332,0
ISIC_0000535.jpg 101,34,280,291,0
ISIC_0000536.jpg 122,114,241,224,0
ISIC_0000537.jpg 88,15,350,349,0
ISIC_0000538.jpg 119,69,296,276,0
ISIC_0000539.jpg 14,0,383,351,0
ISIC_0000540.jpg 38,22,381,344,0
ISIC_0000541.jpg 55,76,338,293,0
ISIC_0000542.jpg 1,74,403,285,0
ISIC_0000543.jpg 91,21,317,268,0
ISIC_0000544.jpg 81,74,305,315,0
ISIC_0000545.jpg 88,7,309,346,0
ISIC_0000546.jpg 73,35,339,311,0
ISIC_0000547.jpg 10,38,394,319,0
ISIC_0000548.jpg 76,43,326,261,0
ISIC_0000549.jpg 48,1,387,356,0
ISIC_0000550.jpg 49,55,396,305,0
ISIC_0000552.jpg 22,20,305,280,0
ISIC_0000554.jpg 73,24,336,319,0
ISIC_0000555.jpg 107,75,306,291,0
ISIC_0000556.jpg 45,13,352,357,0
ISIC_0000882.jpg 71,96,587,435,0
ISIC_0000900.jpg 487,162,929,469,0
ISIC_0000999.jpg 1025,121,1441,634,0
ISIC_0001100.jpg 249,384,948,887,0
ISIC_0001102.jpg 88,86,1401,1040,0
ISIC_0001103.jpg 459,191,1395,1090,0
ISIC_0001105.jpg 482,299,1144,836,0
ISIC_0001106.jpg 287,242,1388,1041,0
ISIC_0001118.jpg 80,22,1922,1226,0
ISIC_0001119.jpg 649,336,938,763,0
ISIC_0001126.jpg 370,260,1042,1058,0
ISIC_0001128.jpg 463,275,1252,816,0
ISIC_0001131.jpg 226,0,1240,997,0
ISIC_0001133.jpg 391,270,1208,950,0
ISIC_0001134.jpg 518,368,1055,776,0
ISIC_0001140.jpg 240,126,835,783,0
ISIC_0001142.jpg 137,2,1226,1143,0
ISIC_0001148.jpg 270,163,1173,1131,0
ISIC_0001152.jpg 2,38,966,610,0
ISIC_0001163.jpg 441,299,919,761,0
ISIC_0001181.jpg 741,386,1122,829,0
ISIC_0001184.jpg 594,619,998,1110,0
ISIC_0001185.jpg 649,409,1020,855,0
ISIC_0001186.jpg 492,583,835,987,0
ISIC_0001188.jpg 575,329,951,732,0
ISIC_0001190.jpg 839,568,1191,908,0
ISIC_0001191.jpg 784,474,1133,837,0
ISIC_0001204.jpg 504,258,844,806,0
ISIC_0001212.jpg 390,331,999,1038,0
ISIC_0001213.jpg 420,583,836,1051,0
ISIC_0001216.jpg 465,573,885,882,0
ISIC_0001242.jpg 843,466,1306,774,0
ISIC_0001247.jpg 818,313,1231,606,0
ISIC_0001254.jpg 350,260,681,683,0
ISIC_0001262.jpg 583,470,905,767,0
ISIC_0001267.jpg 436,212,817,576,0
ISIC_0001275.jpg 525,163,860,533,0
ISIC_0001286.jpg 405,220,772,640,0
ISIC_0001292.jpg 391,184,697,667,0
ISIC_0001296.jpg 771,358,1266,612,0
ISIC_0001299.jpg 653,48,925,579,0
ISIC_0001306.jpg 455,202,727,446,0
ISIC_0001367.jpg 529,63,898,451,0
ISIC_0001372.jpg 322,351,712,696,0
ISIC_0001374.jpg 308,383,686,830,0
ISIC_0001385.jpg 433,196,863,565,0
ISIC_0001423.jpg 366,91,795,480,0
ISIC_0001427.jpg 456,179,845,571,0
ISIC_0001442.jpg 445,253,884,617,0
ISIC_0001449.jpg 498,187,863,531,0
ISIC_0001769.jpg 683,318,1023,577,0
ISIC_0001852.jpg 646,405,891,579,0
ISIC_0001871.jpg 553,320,840,565,0
ISIC_0001960.jpg 417,477,819,782,0
ISIC_0002093.jpg 243,74,726,1005,0
ISIC_0002107.jpg 211,362,684,921,0
ISIC_0002206.jpg 370,173,692,474,0
ISIC_0002246.jpg 778,341,1224,647,0
ISIC_0002251.jpg 765,494,1315,889,0
ISIC_0002287.jpg 440,239,825,893,0
ISIC_0002353.jpg 190,355,593,729,0
ISIC_0002374.jpg 451,264,758,680,0
ISIC_0002438.jpg 585,280,1041,684,0
ISIC_0002439.jpg 397,45,833,548,0
ISIC_0002453.jpg 689,75,1019,493,0
ISIC_0002459.jpg 525,23,927,447,0
ISIC_0002469.jpg 396,313,840,800,0
ISIC_0002476.jpg 731,402,1027,860,0
ISIC_0002488.jpg 95,411,492,710,0
ISIC_0002489.jpg 380,128,880,488,0
ISIC_0002616.jpg 621,633,999,954,0
ISIC_0002647.jpg 669,430,1204,770,0
ISIC_0002673.jpg 311,363,667,747,0
ISIC_0002780.jpg 522,654,980,1145,0
ISIC_0002806.jpg 569,428,1346,1167,0
ISIC_0002829.jpg 404,549,785,986,0
ISIC_0002836.jpg 217,559,777,1243,0
ISIC_0002871.jpg 924,461,1278,900,0
ISIC_0002879.jpg 169,330,629,689,0
ISIC_0002885.jpg 386,527,955,1053,0
ISIC_0002948.jpg 625,334,926,738,0
ISIC_0002975.jpg 486,506,868,951,0
ISIC_0002976.jpg 693,423,1046,887,0
ISIC_0003005.jpg 51,259,601,587,0
ISIC_0003056.jpg 849,264,1150,728,0
ISIC_0003174.jpg 578,455,901,724,0
ISIC_0003308.jpg 522,390,1044,774,0
ISIC_0003346.jpg 747,642,1124,990,0
ISIC_0003462.jpg 556,346,827,534,0
ISIC_0003539.jpg 530,63,864,425,0
ISIC_0003559.jpg 819,663,1305,1104,0
ISIC_0003582.jpg 267,240,952,752,0
ISIC_0003657.jpg 277,343,658,628,0
ISIC_0003728.jpg 799,331,1157,682,0
ISIC_0003805.jpg 538,215,736,451,0
ISIC_0004110.jpg 402,186,837,808,0
ISIC_0004115.jpg 378,248,1012,857,0
ISIC_0004168.jpg 749,476,1056,871,0
ISIC_0004309.jpg 623,515,1129,774,0
ISIC_0004337.jpg 528,346,797,573,0
ISIC_0004346.jpg 1041,507,1462,858,0
ISIC_0004715.jpg 530,154,938,522,0
ISIC_0004985.jpg 772,503,1158,1067,0
ISIC_0005000.jpg 561,310,897,740,0
ISIC_0005187.jpg 682,277,1099,626,0
ISIC_0005247.jpg 432,151,884,615,0
ISIC_0005548.jpg 799,269,1306,789,0
ISIC_0005555.jpg 362,250,694,731,0
ISIC_0005620.jpg 343,240,704,595,0
ISIC_0005639.jpg 246,16,794,689,0
ISIC_0005666.jpg 252,262,617,726,0
ISIC_0005787.jpg 72,336,590,711,0
ISIC_0006021.jpg 824,465,1497,906,0
ISIC_0006114.jpg 362,405,758,750,0
ISIC_0006193.jpg 562,256,955,568,0
ISIC_0006350.jpg 429,193,881,786,0
ISIC_0006612.jpg 746,323,1271,768,0
ISIC_0006651.jpg 228,335,572,642,0
ISIC_0006671.jpg 540,555,788,775,0
ISIC_0006711.jpg 645,429,1005,824,0
ISIC_0006776.jpg 488,321,836,682,0
ISIC_0006795.jpg 765,459,1209,971,0
ISIC_0006800.jpg 537,294,993,654,0
ISIC_0006815.jpg 923,439,1124,640,0
ISIC_0006914.jpg 379,259,988,614,0
ISIC_0006940.jpg 994,621,1600,1031,0
ISIC_0006982.jpg 196,247,957,784,0
ISIC_0007038.jpg 878,532,1361,808,0
ISIC_0007087.jpg 366,138,834,724,0
ISIC_0007141.jpg 689,259,1319,765,0
ISIC_0007156.jpg 408,339,773,665,0
ISIC_0007241.jpg 482,247,809,586,0
ISIC_0007322.jpg 594,381,1148,912,0
ISIC_0007332.jpg 354,342,830,697,0
ISIC_0007344.jpg 122,510,654,872,0
ISIC_0007475.jpg 345,230,998,611,0
ISIC_0007528.jpg 572,325,803,571,0
ISIC_0007557.jpg 532,267,1006,859,0
ISIC_0007693.jpg 619,285,941,698,0
ISIC_0007760.jpg 205,270,599,651,0
ISIC_0007788.jpg 566,568,1137,1248,0
ISIC_0007796.jpg 488,289,805,565,0
ISIC_0008029.jpg 527,423,1039,887,0
ISIC_0008116.jpg 338,289,651,697,0
ISIC_0008145.jpg 1059,317,1351,770,0
ISIC_0008207.jpg 658,389,1092,786,0
ISIC_0008236.jpg 709,422,1447,802,0
ISIC_0008256.jpg 866,454,1335,862,0
ISIC_0008280.jpg 274,229,598,594,0
ISIC_0008294.jpg 655,307,939,542,0
ISIC_0008347.jpg 803,735,1303,996,0
ISIC_0008396.jpg 724,614,1076,961,0
ISIC_0008403.jpg 233,281,686,688,0
ISIC_0008406.jpg 480,600,852,1079,0
ISIC_0008507.jpg 606,467,1070,908,0
ISIC_0008524.jpg 679,557,1001,1007,0
ISIC_0008528.jpg 541,389,1053,1132,0
ISIC_0008541.jpg 825,589,1270,890,0
ISIC_0008552.jpg 689,542,1086,942,0
ISIC_0008600.jpg 311,138,740,872,0
ISIC_0008626.jpg 361,509,1250,1070,0
ISIC_0008659.jpg 585,735,1126,999,0
ISIC_0008785.jpg 137,288,612,699,0
ISIC_0008807.jpg 585,639,1069,979,0
ISIC_0008879.jpg 755,486,1098,873,0
ISIC_0008913.jpg 723,246,1443,1155,0
ISIC_0008992.jpg 556,452,924,904,0
ISIC_0008993.jpg 447,301,853,627,0
ISIC_0008998.jpg 225,238,1870,1342,0
ISIC_0009035.jpg 510,230,1132,967,0
ISIC_0009078.jpg 419,357,817,681,0
ISIC_0009083.jpg 855,132,1328,718,0
ISIC_0009160.jpg 646,157,1016,516,0
ISIC_0009165.jpg 919,546,1376,1075,0
ISIC_0009188.jpg 606,551,1037,921,0
ISIC_0009201.jpg 575,319,1232,1164,0
ISIC_0009252.jpg 345,354,672,789,0
ISIC_0009297.jpg 771,545,1192,984,0
ISIC_0009298.jpg 527,678,1114,1145,0
ISIC_0009344.jpg 711,417,1238,940,0
ISIC_0009430.jpg 351,216,754,646,0
ISIC_0009504.jpg 866,623,1210,1019,0
ISIC_0009533.jpg 750,293,1176,923,0
ISIC_0009564.jpg 789,286,1124,689,0
ISIC_0009583.jpg 495,473,1107,846,0
ISIC_0009599.jpg 682,467,1208,1054,0
ISIC_0009758.jpg 310,168,819,673,0
ISIC_0009800.jpg 665,457,1079,967,0
ISIC_0009860.jpg 1075,369,1387,1003,0
ISIC_0009868.jpg 113,108,337,320,0
ISIC_0009869.jpg 211,129,306,282,0
ISIC_0009873.jpg 53,35,374,298,0
ISIC_0009874.jpg 102,105,361,240,0
ISIC_0009875.jpg 93,56,429,373,0
ISIC_0009877.jpg 91,55,399,291,0
ISIC_0009879.jpg 99,48,396,322,0
ISIC_0009880.jpg 62,58,330,290,0
ISIC_0009881.jpg 144,56,359,290,0
ISIC_0009883.jpg 152,73,391,306,0
ISIC_0009884.jpg 170,111,342,288,0
ISIC_0009885.jpg 220,100,354,233,0
ISIC_0009888.jpg 161,108,343,289,0
ISIC_0009889.jpg 151,114,339,279,0
ISIC_0009891.jpg 93,65,362,257,0
ISIC_0009895.jpg 142,75,355,344,0
ISIC_0009896.jpg 14,3,409,320,0
ISIC_0009897.jpg 32,0,489,381,0
ISIC_0009898.jpg 118,34,358,264,0
ISIC_0009899.jpg 92,22,423,318,0
ISIC_0009901.jpg 109,41,399,353,0
ISIC_0009902.jpg 106,75,385,345,0
ISIC_0009904.jpg 118,8,417,383,0
ISIC_0009906.jpg 106,75,441,330,0
ISIC_0009909.jpg 88,123,347,319,0
ISIC_0009910.jpg 13,91,497,320,0
ISIC_0009914.jpg 108,58,345,328,0
ISIC_0009915.jpg 69,37,426,316,0
ISIC_0009917.jpg 139,127,297,307,0
ISIC_0009918.jpg 87,15,483,379,0
ISIC_0009919.jpg 103,90,419,351,0
ISIC_0009920.jpg 147,61,463,323,0
ISIC_0009921.jpg 4,19,467,380,0
ISIC_0009923.jpg 83,64,409,335,0
ISIC_0009925.jpg 123,18,386,330,0
ISIC_0009927.jpg 183,22,374,226,0
ISIC_0009928.jpg 78,5,475,383,0
ISIC_0009929.jpg 246,154,308,243,0
ISIC_0009930.jpg 261,134,317,241,0
ISIC_0009931.jpg 120,59,420,335,0
ISIC_0009932.jpg 50,88,473,255,0
ISIC_0009933.jpg 126,81,348,307,0
ISIC_0009934.jpg 2,3,509,383,0
ISIC_0009935.jpg 158,108,375,273,0
ISIC_0009936.jpg 211,148,338,220,0
ISIC_0009937.jpg 198,98,337,255,0
ISIC_0009938.jpg 124,47,385,292,0
ISIC_0009939.jpg 98,101,447,285,0
ISIC_0009940.jpg 27,8,478,372,0
ISIC_0009941.jpg 160,92,376,308,0
ISIC_0009942.jpg 134,83,368,282,0
ISIC_0009943.jpg 207,82,326,347,0
ISIC_0009944.jpg 217,80,360,307,0
ISIC_0009945.jpg 170,90,327,260,0
ISIC_0009946.jpg 106,44,372,295,0
ISIC_0009947.jpg 111,111,309,307,0
ISIC_0009948.jpg 82,20,406,379,0
ISIC_0009949.jpg 162,65,354,352,0
ISIC_0009950.jpg 95,97,399,317,0
ISIC_0009951.jpg 118,82,397,371,0
ISIC_0009953.jpg 27,58,418,329,0
ISIC_0009954.jpg 189,99,381,284,0
ISIC_0009955.jpg 76,113,307,305,0
ISIC_0009956.jpg 75,86,421,295,0
ISIC_0009958.jpg 173,87,364,294,0
ISIC_0009960.jpg 202,124,294,241,0
ISIC_0009961.jpg 39,99,446,330,0
ISIC_0009962.jpg 3,4,509,383,0
ISIC_0009964.jpg 167,118,290,274,0
ISIC_0009965.jpg 76,29,454,331,0
ISIC_0009966.jpg 176,60,374,338,0
ISIC_0009967.jpg 88,114,359,287,0
ISIC_0009969.jpg 73,90,400,369,0
ISIC_0009970.jpg 43,3,421,381,0
ISIC_0009971.jpg 207,129,299,231,0
ISIC_0009972.jpg 145,156,324,297,0
ISIC_0009973.jpg 69,22,326,307,0
ISIC_0009974.jpg 77,3,401,340,0
ISIC_0009975.jpg 61,52,315,282,0
ISIC_0009976.jpg 150,100,341,255,0
ISIC_0009977.jpg 180,57,341,287,0
ISIC_0009978.jpg 124,91,339,318,0
ISIC_0009979.jpg 173,109,339,271,0
ISIC_0009980.jpg 32,2,509,383,0
ISIC_0009981.jpg 175,177,311,315,0
ISIC_0009982.jpg 160,88,351,247,0
ISIC_0009987.jpg 157,55,362,364,0
ISIC_0009988.jpg 0,2,511,383,0
ISIC_0009990.jpg 0,2,509,383,0
ISIC_0009991.jpg 148,21,388,337,0
ISIC_0009992.jpg 23,33,442,339,0
ISIC_0009993.jpg 95,60,392,332,0
ISIC_0009994.jpg 148,82,379,361,0
ISIC_0009995.jpg 0,2,509,381,0
ISIC_0009998.jpg 136,42,386,287,0
ISIC_0010000.jpg 16,0,493,349,0
ISIC_0010002.jpg 134,29,411,311,0
ISIC_0010003.jpg 214,98,320,228,0
ISIC_0010005.jpg 0,43,501,332,0
ISIC_0010006.jpg 106,22,448,282,0
ISIC_0010009.jpg 156,163,311,288,0
ISIC_0010010.jpg 128,73,274,279,0
ISIC_0010011.jpg 133,48,384,316,0
ISIC_0010013.jpg 93,111,342,277,0
ISIC_0010014.jpg 140,87,357,288,0
ISIC_0010015.jpg 97,32,398,349,0
ISIC_0010016.jpg 180,129,328,253,0
ISIC_0010017.jpg 67,60,415,361,0
ISIC_0010018.jpg 178,94,336,311,0
ISIC_0010019.jpg 49,62,449,334,0
ISIC_0010020.jpg 51,39,482,346,0
ISIC_0010021.jpg 53,13,432,368,0
ISIC_0010022.jpg 2,56,508,311,0
ISIC_0010023.jpg 109,38,405,341,0
ISIC_0010024.jpg 152,119,394,277,0
ISIC_0010025.jpg 136,75,357,269,0
ISIC_0010028.jpg 154,89,363,325,0
ISIC_0010029.jpg 68,17,437,383,0
ISIC_0010032.jpg 161,24,318,283,0
ISIC_0010034.jpg 93,50,415,343,0
ISIC_0010036.jpg 47,35,489,343,0
ISIC_0010037.jpg 0,4,507,377,0
ISIC_0010038.jpg 73,2,416,383,0
ISIC_0010041.jpg 4,1,508,381,0
ISIC_0010042.jpg 128,108,358,281,0
ISIC_0010043.jpg 106,59,380,360,0
ISIC_0010044.jpg 88,126,278,333,0
ISIC_0010046.jpg 153,76,366,265,0
ISIC_0010047.jpg 102,33,412,323,0
ISIC_0010053.jpg 161,124,314,250,0
ISIC_0010054.jpg 97,39,394,331,0
ISIC_0010055.jpg 107,73,363,307,0
ISIC_0010056.jpg 2,2,510,383,0
ISIC_0010057.jpg 87,3,440,383,0
ISIC_0010058.jpg 132,48,405,297,0
ISIC_0010059.jpg 185,132,364,247,0
ISIC_0010060.jpg 241,126,340,265,0
ISIC_0010061.jpg 172,96,343,246,0
ISIC_0010062.jpg 0,22,505,377,0
ISIC_0010063.jpg 3,3,496,383,0
ISIC_0010064.jpg 143,98,336,314,0
ISIC_0010066.jpg 112,48,434,311,0
ISIC_0010067.jpg 98,137,443,307,0
ISIC_0010069.jpg 201,128,347,278,0
ISIC_0010070.jpg 86,89,397,326,0
ISIC_0010071.jpg 2,3,507,383,0
ISIC_0010073.jpg 128,42,366,368,0
ISIC_0010074.jpg 128,46,358,312,0
ISIC_0010075.jpg 92,2,486,382,0
ISIC_0010077.jpg 139,102,342,266,0
ISIC_0010078.jpg 102,9,442,383,0
ISIC_0010081.jpg 172,110,335,290,0
ISIC_0010086.jpg 126,87,339,368,0
ISIC_0010088.jpg 201,130,336,262,0
ISIC_0010089.jpg 198,127,336,253,0
ISIC_0010090.jpg 203,167,312,273,0
ISIC_0010092.jpg 162,97,344,302,0
ISIC_0010093.jpg 0,54,508,348,0
ISIC_0010094.jpg 102,71,379,272,0
ISIC_0010100.jpg 106,100,453,371,0
ISIC_0010102.jpg 120,56,381,343,0
ISIC_0010104.jpg 181,120,331,235,0
ISIC_0010105.jpg 153,76,338,274,0
ISIC_0010168.jpg 101,83,432,296,0
ISIC_0010169.jpg 22,3,511,383,0
ISIC_0010171.jpg 94,43,409,328,0
ISIC_0010173.jpg 153,157,342,306,0
ISIC_0010174.jpg 147,39,412,322,0
ISIC_0010175.jpg 23,4,509,372,0
ISIC_0010176.jpg 216,84,334,265,0
ISIC_0010177.jpg 216,128,316,244,0
ISIC_0010178.jpg 169,92,335,288,0
ISIC_0010180.jpg 144,90,359,276,0
ISIC_0010182.jpg 210,92,275,266,0
ISIC_0010183.jpg 214,124,339,239,0
ISIC_0010184.jpg 72,157,367,304,0
ISIC_0010185.jpg 134,146,343,263,0
ISIC_0010186.jpg 118,52,396,377,0
ISIC_0010187.jpg 39,71,439,358,0
ISIC_0010189.jpg 1,1,511,383,0
ISIC_0010190.jpg 2,4,509,381,0
ISIC_0010191.jpg 63,71,490,359,0
ISIC_0010192.jpg 143,75,331,338,0
ISIC_0010194.jpg 21,130,239,383,0
ISIC_0010201.jpg 27,45,446,378,0
ISIC_0010202.jpg 0,0,418,381,0
ISIC_0010204.jpg 0,1,511,383,0
ISIC_0010205.jpg 187,113,341,268,0
ISIC_0010206.jpg 172,113,343,255,0
ISIC_0010207.jpg 208,97,322,245,0
ISIC_0010212.jpg 115,32,413,363,0
ISIC_0010213.jpg 135,150,407,383,0
ISIC_0010215.jpg 87,80,336,301,0
ISIC_0010216.jpg 155,139,339,301,0
ISIC_0010219.jpg 125,84,369,285,0
ISIC_0010220.jpg 171,157,341,284,0
ISIC_0010222.jpg 0,1,509,383,0
ISIC_0010225.jpg 163,108,371,295,0
ISIC_0010226.jpg 224,59,396,279,0
ISIC_0010227.jpg 171,96,326,286,0
ISIC_0010228.jpg 0,3,498,383,0
ISIC_0010229.jpg 180,46,353,353,0
ISIC_0010231.jpg 19,3,459,381,0
ISIC_0010232.jpg 3,46,495,373,0
ISIC_0010233.jpg 85,45,434,290,0
ISIC_0010234.jpg 176,113,290,269,0
ISIC_0010235.jpg 1,1,502,383,0
ISIC_0010236.jpg 165,122,301,266,0
ISIC_0010237.jpg 151,147,295,241,0
ISIC_0010238.jpg 21,2,333,268,0
ISIC_0010239.jpg 21,2,465,383,0
ISIC_0010240.jpg 102,42,353,304,0
ISIC_0010241.jpg 133,63,390,298,0
ISIC_0010244.jpg 175,174,301,251,0
ISIC_0010247.jpg 117,39,385,349,0
ISIC_0010248.jpg 129,58,392,377,0
ISIC_0010249.jpg 42,22,499,365,0
ISIC_0010251.jpg 262,164,342,271,0
ISIC_0010252.jpg 2,3,500,382,0
ISIC_0010255.jpg 213,140,299,231,0
ISIC_0010256.jpg 218,155,306,248,0
ISIC_0010257.jpg 62,1,465,383,0
ISIC_0010262.jpg 173,92,349,283,0
ISIC_0010263.jpg 164,156,254,266,0
ISIC_0010264.jpg 2,19,462,331,0
ISIC_0010265.jpg 123,88,384,270,0
ISIC_0010267.jpg 41,3,423,382,0
ISIC_0010317.jpg 205,153,343,276,0
ISIC_0010318.jpg 149,67,361,260,0
ISIC_0010319.jpg 58,2,443,347,0
ISIC_0010320.jpg 12,2,496,359,0
ISIC_0010321.jpg 60,5,394,316,0
ISIC_0010322.jpg 1,2,511,383,0
ISIC_0010323.jpg 4,3,507,383,0
ISIC_0010326.jpg 103,28,407,353,0
ISIC_0010327.jpg 134,82,338,295,0
ISIC_0010329.jpg 0,2,511,383,0
ISIC_0010330.jpg 16,68,485,330,0
ISIC_0010332.jpg 108,39,449,347,0
ISIC_0010333.jpg 36,96,383,363,0
ISIC_0010334.jpg 34,0,486,381,0
ISIC_0010335.jpg 84,3,485,383,0
ISIC_0010336.jpg 93,57,388,317,0
ISIC_0010337.jpg 134,70,376,293,0
ISIC_0010339.jpg 133,111,351,269,0
ISIC_0010340.jpg 62,21,407,342,0
ISIC_0010341.jpg 170,100,299,308,0
ISIC_0010342.jpg 66,34,508,328,0
ISIC_0010344.jpg 91,66,359,304,0
ISIC_0010346.jpg 124,73,392,351,0
ISIC_0010347.jpg 50,88,409,314,0
ISIC_0010348.jpg 153,3,424,256,0
ISIC_0010349.jpg 52,0,472,381,0
ISIC_0010350.jpg 110,71,409,352,0
ISIC_0010351.jpg 175,111,328,247,0
ISIC_0010356.jpg 152,104,315,237,0
ISIC_0010357.jpg 164,115,323,295,0
ISIC_0010358.jpg 158,125,418,302,0
ISIC_0010360.jpg 76,68,406,281,0
ISIC_0010361.jpg 39,30,406,371,0
ISIC_0010362.jpg 119,127,248,234,0
ISIC_0010364.jpg 106,87,362,301,0
ISIC_0010365.jpg 124,88,366,318,0
ISIC_0010367.jpg 181,119,354,290,0
ISIC_0010368.jpg 178,87,399,322,0
ISIC_0010370.jpg 107,54,406,343,0
ISIC_0010372.jpg 144,52,415,305,0
ISIC_0010374.jpg 70,41,484,326,0
ISIC_0010379.jpg 145,74,372,341,0
ISIC_0010380.jpg 202,119,415,319,0
ISIC_0010382.jpg 3,0,485,383,0
ISIC_0010435.jpg 174,95,351,265,0
ISIC_0010439.jpg 252,139,330,206,0
ISIC_0010441.jpg 269,47,433,216,0
ISIC_0010442.jpg 112,25,416,318,0
ISIC_0010443.jpg 168,77,370,256,0
ISIC_0010444.jpg 218,148,325,256,0
ISIC_0010445.jpg 140,80,401,378,0
ISIC_0010447.jpg 110,12,405,358,0
ISIC_0010448.jpg 41,19,476,383,0
ISIC_0010449.jpg 78,46,370,331,0
ISIC_0010452.jpg 118,79,439,303,0
ISIC_0010455.jpg 2,54,464,368,0
ISIC_0010456.jpg 166,163,262,255,0
ISIC_0010457.jpg 8,0,509,383,0
ISIC_0010458.jpg 186,96,392,272,0
ISIC_0010459.jpg 69,1,510,381,0
ISIC_0010461.jpg 149,106,315,311,0
ISIC_0010462.jpg 171,117,323,255,0
ISIC_0010463.jpg 60,90,448,329,0
ISIC_0010465.jpg 95,143,401,335,0
ISIC_0010466.jpg 108,154,324,297,0
ISIC_0010467.jpg 178,125,332,306,0
ISIC_0010468.jpg 133,80,331,358,0
ISIC_0010472.jpg 192,82,301,212,0
ISIC_0010473.jpg 52,0,509,353,0
ISIC_0010474.jpg 195,107,351,235,0
ISIC_0010475.jpg 127,90,366,295,0
ISIC_0010476.jpg 180,74,343,318,0
ISIC_0010477.jpg 25,3,511,383,0
ISIC_0010479.jpg 61,22,453,316,0
ISIC_0010480.jpg 77,74,484,356,0
ISIC_0010481.jpg 152,72,310,276,0
ISIC_0010483.jpg 133,113,303,324,0
ISIC_0010487.jpg 71,92,421,264,0
ISIC_0010488.jpg 31,68,433,350,0
ISIC_0010490.jpg 111,50,393,360,0
ISIC_0010492.jpg 9,3,511,383,0
ISIC_0010493.jpg 120,31,464,381,0
ISIC_0010494.jpg 83,76,421,332,0
ISIC_0010496.jpg 93,18,411,376,0
ISIC_0010497.jpg 56,46,433,383,0
ISIC_0010498.jpg 125,51,382,301,0
ISIC_0010552.jpg 3,102,430,353,0
ISIC_0010553.jpg 106,113,388,251,0
ISIC_0010554.jpg 162,50,333,327,0
ISIC_0010557.jpg 152,110,343,293,0
ISIC_0010558.jpg 37,46,488,337,0
ISIC_0010562.jpg 183,110,348,305,0
ISIC_0010565.jpg 180,77,393,351,0
ISIC_0010566.jpg 118,124,330,292,0
ISIC_0010567.jpg 150,102,364,269,0
ISIC_0010568.jpg 21,39,492,345,0
ISIC_0010569.jpg 212,148,290,222,0
ISIC_0010570.jpg 76,20,421,373,0
ISIC_0010571.jpg 116,68,410,326,0
ISIC_0010572.jpg 69,2,405,354,0
ISIC_0010573.jpg 113,26,396,381,0
ISIC_0010574.jpg 160,97,295,348,0
ISIC_0010576.jpg 79,1,370,363,0
ISIC_0010581.jpg 152,88,376,342,0
ISIC_0010584.jpg 170,126,326,267,0
ISIC_0010585.jpg 235,102,316,186,0
ISIC_0010587.jpg 121,77,371,238,0
ISIC_0010588.jpg 2,4,511,383,0
ISIC_0010589.jpg 43,2,461,331,0
ISIC_0010590.jpg 184,140,322,276,0
ISIC_0010591.jpg 113,69,392,305,0
ISIC_0010592.jpg 248,185,323,255,0
ISIC_0010593.jpg 202,139,350,281,0
ISIC_0010595.jpg 142,18,442,381,0
ISIC_0010596.jpg 73,31,403,380,0
ISIC_0010597.jpg 119,68,419,365,0
ISIC_0010598.jpg 179,104,305,237,0
ISIC_0010599.jpg 101,15,471,350,0
ISIC_0010602.jpg 46,47,509,358,0
ISIC_0010603.jpg 2,2,509,383,0
ISIC_0010604.jpg 2,3,508,383,0
ISIC_0010605.jpg 77,0,508,381,0
ISIC_0010606.jpg 89,99,378,286,0
ISIC_0010607.jpg 206,158,309,289,0
ISIC_0010844.jpg 136,64,384,321,0
ISIC_0010846.jpg 39,6,404,370,0
ISIC_0010847.jpg 119,55,442,327,0
ISIC_0010848.jpg 133,112,320,285,0
ISIC_0010849.jpg 103,17,336,353,0
ISIC_0010850.jpg 117,96,290,282,0
ISIC_0010851.jpg 167,81,400,328,0
ISIC_0010852.jpg 174,149,348,273,0
ISIC_0010853.jpg 169,137,308,258,0
ISIC_0010854.jpg 143,112,324,280,0
ISIC_0010856.jpg 93,62,422,312,0
ISIC_0010857.jpg 0,5,505,383,0
ISIC_0010858.jpg 97,136,375,370,0
ISIC_0010860.jpg 114,36,377,308,0
ISIC_0010861.jpg 179,137,275,249,0
ISIC_0010862.jpg 94,95,295,285,0
ISIC_0010863.jpg 63,19,478,380,0
ISIC_0010864.jpg 124,128,364,342,0
ISIC_0011079.jpg 70,0,433,378,0
ISIC_0011081.jpg 139,70,415,373,0
ISIC_0011082.jpg 228,148,300,220,0
ISIC_0011083.jpg 193,146,280,243,0
ISIC_0011084.jpg 107,80,374,364,0
ISIC_0011085.jpg 186,106,337,295,0
ISIC_0011088.jpg 145,77,410,373,0
ISIC_0011089.jpg 147,66,393,301,0
ISIC_0011090.jpg 55,68,413,316,0
ISIC_0011092.jpg 197,76,347,269,0
ISIC_0011095.jpg 92,96,369,322,0
ISIC_0011097.jpg 146,66,309,289,0
ISIC_0011098.jpg 145,120,315,281,0
ISIC_0011099.jpg 102,79,493,321,0
ISIC_0011101.jpg 94,110,343,331,0
ISIC_0011102.jpg 121,76,422,347,0
ISIC_0011104.jpg 108,4,412,370,0
ISIC_0011105.jpg 2,79,469,360,0
ISIC_0011107.jpg 59,1,449,381,0
ISIC_0011109.jpg 65,19,463,383,0
ISIC_0011110.jpg 147,114,348,301,0
ISIC_0011112.jpg 10,2,482,380,0
ISIC_0011114.jpg 175,105,361,301,0
ISIC_0011115.jpg 207,154,301,240,0
ISIC_0011117.jpg 72,52,428,378,0
ISIC_0011118.jpg 194,41,372,297,0
ISIC_0011119.jpg 153,118,363,286,0
ISIC_0011120.jpg 2,4,511,380,0
ISIC_0011121.jpg 1,0,511,383,0
ISIC_0011123.jpg 118,72,398,343,0
ISIC_0011124.jpg 107,79,438,332,0
ISIC_0011127.jpg 170,102,354,301,0
ISIC_0011128.jpg 95,31,395,383,0
ISIC_0011129.jpg 48,32,478,342,0
ISIC_0011130.jpg 144,108,355,291,0
ISIC_0011131.jpg 116,71,374,344,0
ISIC_0011132.jpg 138,32,355,253,0
ISIC_0011135.jpg 204,44,433,291,0
ISIC_0011137.jpg 107,37,441,328,0
ISIC_0011139.jpg 117,7,367,382,0
ISIC_0011140.jpg 154,94,363,247,0
ISIC_0011143.jpg 183,140,252,188,0
ISIC_0011144.jpg 99,81,377,345,0
ISIC_0011146.jpg 173,89,360,275,0
ISIC_0011149.jpg 50,0,414,381,0
ISIC_0011150.jpg 96,115,293,271,0
ISIC_0011151.jpg 0,9,511,383,0
ISIC_0011155.jpg 58,46,448,327,0
ISIC_0011156.jpg 34,2,378,381,0
ISIC_0011157.jpg 164,99,378,290,0
ISIC_0011158.jpg 20,16,478,383,0
ISIC_0011159.jpg 76,45,510,383,0
ISIC_0011161.jpg 10,57,467,325,0
ISIC_0011162.jpg 132,70,362,264,0
ISIC_0011163.jpg 164,114,367,269,0
ISIC_0011164.jpg 189,123,365,279,0
ISIC_0011165.jpg 87,120,470,330,0
ISIC_0011166.jpg 176,108,369,281,0
ISIC_0011167.jpg 23,3,489,383,0
ISIC_0011168.jpg 179,138,301,266,0
ISIC_0011169.jpg 176,58,421,330,0
ISIC_0011170.jpg 83,110,423,277,0
ISIC_0011171.jpg 163,95,333,240,0
ISIC_0011173.jpg 181,160,281,258,0
ISIC_0011176.jpg 96,66,379,337,0
ISIC_0011177.jpg 78,58,424,366,0
ISIC_0011199.jpg 216,112,350,216,0
ISIC_0011202.jpg 170,67,391,268,0
ISIC_0011203.jpg 154,22,419,380,0
ISIC_0011204.jpg 69,129,331,299,0
ISIC_0011205.jpg 167,82,332,228,0
ISIC_0011207.jpg 198,124,324,245,0
ISIC_0011208.jpg 92,86,330,208,0
ISIC_0011210.jpg 183,103,266,240,0
ISIC_0011211.jpg 82,89,492,347,0
ISIC_0011212.jpg 3,70,511,368,0
ISIC_0011213.jpg 192,130,312,219,0
ISIC_0011214.jpg 31,49,470,381,0
ISIC_0011218.jpg 153,52,299,195,0
ISIC_0011219.jpg 187,92,353,269,0
ISIC_0011220.jpg 238,115,345,223,0
ISIC_0011223.jpg 184,108,333,296,0
ISIC_0011224.jpg 125,57,387,341,0
ISIC_0011225.jpg 247,176,342,258,0
ISIC_0011227.jpg 58,28,368,314,0
ISIC_0011228.jpg 69,70,397,324,0
ISIC_0011229.jpg 37,0,403,381,0
ISIC_0011230.jpg 152,79,377,251,0
ISIC_0011292.jpg 147,86,328,284,0
ISIC_0011294.jpg 83,115,341,334,0
ISIC_0011295.jpg 105,2,406,383,0
ISIC_0011296.jpg 129,75,361,300,0
ISIC_0011297.jpg 124,100,351,287,0
ISIC_0011298.jpg 207,147,354,282,0
ISIC_0011300.jpg 10,0,500,383,0
ISIC_0011301.jpg 143,59,420,313,0
ISIC_0011303.jpg 76,94,280,251,0
ISIC_0011304.jpg 116,141,300,258,0
ISIC_0011305.jpg 198,108,367,351,0
ISIC_0011306.jpg 119,98,392,258,0
ISIC_0011315.jpg 111,41,421,303,0
ISIC_0011317.jpg 227,98,332,216,0
ISIC_0011322.jpg 81,8,392,383,0
ISIC_0011323.jpg 147,9,296,335,0
ISIC_0011324.jpg 198,45,359,316,0
ISIC_0011326.jpg 78,54,311,358,0
ISIC_0011327.jpg 69,71,511,273,0
ISIC_0011328.jpg 159,55,372,374,0
ISIC_0011329.jpg 4,10,509,383,0
ISIC_0011330.jpg 135,150,315,277,0
ISIC_0011333.jpg 122,54,454,361,0
ISIC_0011334.jpg 2,1,511,383,0
ISIC_0011336.jpg 61,73,384,343,0
ISIC_0011338.jpg 162,108,370,310,0
ISIC_0011339.jpg 167,74,421,327,0
ISIC_0011341.jpg 187,131,415,297,0
ISIC_0011343.jpg 150,81,331,315,0
ISIC_0011344.jpg 146,102,356,305,0
ISIC_0011345.jpg 204,24,344,304,0
ISIC_0011347.jpg 2,27,509,383,0
ISIC_0011348.jpg 7,19,501,380,0
ISIC_0011349.jpg 10,4,502,381,0
ISIC_0011352.jpg 54,29,455,345,0
ISIC_0011353.jpg 161,145,313,250,0
ISIC_0011356.jpg 0,0,511,383,0
ISIC_0011357.jpg 113,100,306,260,0
ISIC_0011358.jpg 62,76,390,299,0
ISIC_0011359.jpg 107,62,344,264,0
ISIC_0011360.jpg 0,1,508,382,0
ISIC_0011361.jpg 0,5,511,382,0
ISIC_0011362.jpg 140,34,352,310,0
ISIC_0011363.jpg 12,30,480,364,0
ISIC_0011366.jpg 90,33,435,321,0
ISIC_0011367.jpg 189,136,305,245,0
ISIC_0011372.jpg 162,153,279,250,0
ISIC_0011373.jpg 1,3,510,383,0
ISIC_0011374.jpg 3,9,413,383,0
ISIC_0011378.jpg 153,17,350,320,0
ISIC_0011382.jpg 113,95,460,358,0
ISIC_0011383.jpg 209,91,416,258,0
ISIC_0011384.jpg 78,78,420,274,0
ISIC_0011385.jpg 97,126,367,357,0
ISIC_0011386.jpg 162,149,313,293,0
ISIC_0011387.jpg 71,0,509,381,0
ISIC_0011390.jpg 1,1,511,383,0
ISIC_0011393.jpg 217,107,330,228,0
ISIC_0011397.jpg 35,41,456,300,0
ISIC_0011398.jpg 112,58,418,382,0
ISIC_0011402.jpg 0,37,508,383,0
ISIC_0012086.jpg 374,56,1793,1371,0
ISIC_0012089.jpg 1104,493,1324,778,0
ISIC_0012090.jpg 801,90,1686,1056,0
ISIC_0012092.jpg 654,489,1347,1205,0
ISIC_0012094.jpg 683,446,903,624,0
ISIC_0012095.jpg 675,324,1025,591,0
ISIC_0012097.jpg 565,376,833,608,0
ISIC_0012099.jpg 647,392,833,545,0
ISIC_0012102.jpg 659,384,974,616,0
ISIC_0012105.jpg 659,376,880,639,0
ISIC_0012107.jpg 389,212,1103,741,0
ISIC_0012108.jpg 530,360,892,717,0
ISIC_0012109.jpg 659,392,868,600,0
ISIC_0012116.jpg 613,289,928,586,0
ISIC_0012118.jpg 600,360,927,608,0
ISIC_0012126.jpg 659,376,845,506,0
ISIC_0012127.jpg 602,441,789,646,0
ISIC_0012134.jpg 42,6,1392,996,0
ISIC_0012135.jpg 554,170,807,401,0
ISIC_0012136.jpg 185,188,1330,996,0
ISIC_0012137.jpg 557,305,874,660,0
ISIC_0012143.jpg 436,196,1115,850,0
ISIC_0012147.jpg 636,280,928,600,0
ISIC_0012148.jpg 506,353,915,670,0
ISIC_0012149.jpg 674,353,994,650,0
ISIC_0012151.jpg 424,157,1174,905,0
ISIC_0012155.jpg 576,463,907,678,0
ISIC_0012156.jpg 600,423,868,561,0
ISIC_0012159.jpg 542,438,985,725,0
ISIC_0012160.jpg 647,353,821,608,0
ISIC_0012164.jpg 659,360,845,569,0
ISIC_0012167.jpg 647,379,929,730,0
ISIC_0012173.jpg 589,298,939,772,0
ISIC_0012177.jpg 647,431,927,639,0
ISIC_0012178.jpg 397,193,926,648,0
ISIC_0012179.jpg 721,426,848,549,0
ISIC_0012182.jpg 612,251,892,459,0
ISIC_0012187.jpg 647,353,939,600,0
ISIC_0012191.jpg 620,317,846,634,0
ISIC_0012201.jpg 577,282,939,631,0
ISIC_0012203.jpg 683,360,868,600,0
ISIC_0012204.jpg 601,334,873,564,0
ISIC_0012205.jpg 577,353,892,608,0
ISIC_0012206.jpg 612,259,1068,741,0
ISIC_0012207.jpg 461,260,1007,751,0
ISIC_0012208.jpg 612,399,939,655,0
ISIC_0012210.jpg 483,126,1126,615,0
ISIC_0012211.jpg 565,298,974,694,0
ISIC_0012212.jpg 624,407,903,600,0
ISIC_0012213.jpg 683,407,880,545,0
ISIC_0012216.jpg 446,137,1056,834,0
ISIC_0012221.jpg 647,376,892,616,0
ISIC_0012222.jpg 624,376,856,631,0
ISIC_0012223.jpg 232,25,1771,1392,0
ISIC_0012224.jpg 549,423,1132,1012,0
ISIC_0012227.jpg 507,119,1478,1260,0
ISIC_0012228.jpg 754,554,1233,1038,0
ISIC_0012230.jpg 872,602,1188,844,0
ISIC_0012232.jpg 956,546,1422,889,0
ISIC_0012233.jpg 922,657,1272,1044,0
ISIC_0012235.jpg 822,602,1305,978,0
ISIC_0012238.jpg 809,509,1394,1058,0
ISIC_0012245.jpg 629,344,1478,1154,0
ISIC_0012246.jpg 654,246,1389,955,0
ISIC_0012248.jpg 489,15,1531,1400,0
ISIC_0012250.jpg 553,329,821,553,0
ISIC_0012253.jpg 838,324,1422,1044,0
ISIC_0012256.jpg 823,477,1521,1005,0
ISIC_0012257.jpg 939,546,1389,944,0
ISIC_0012258.jpg 1043,587,1466,1102,0
ISIC_0012259.jpg 822,580,1238,1011,0
ISIC_0012260.jpg 659,329,880,577,0
ISIC_0012261.jpg 773,627,1162,1054,0
ISIC_0012263.jpg 785,708,1194,1110,0
ISIC_0012266.jpg 386,225,1479,1023,0
ISIC_0012268.jpg 796,535,1088,1047,0
ISIC_0012271.jpg 855,847,1255,1100,0
ISIC_0012272.jpg 532,86,1328,1388,0
ISIC_0012273.jpg 121,105,1112,860,0
ISIC_0012278.jpg 700,413,877,582,0
ISIC_0012281.jpg 905,575,1227,831,0
ISIC_0012282.jpg 922,491,1406,978,0
ISIC_0012284.jpg 401,267,950,756,0
ISIC_0012285.jpg 710,445,896,638,0
ISIC_0012288.jpg 822,401,1171,777,0
ISIC_0012290.jpg 213,0,1326,999,0
ISIC_0012298.jpg 688,580,1389,1067,0
ISIC_0012299.jpg 448,259,1056,827,0
ISIC_0012303.jpg 718,368,986,561,0
ISIC_0012306.jpg 636,360,868,584,0
ISIC_0012309.jpg 721,568,1054,944,0
ISIC_0012311.jpg 465,358,961,679,0
ISIC_0012313.jpg 612,353,845,577,0
ISIC_0012314.jpg 317,75,1120,827,0
ISIC_0012316.jpg 659,407,833,616,0
ISIC_0012318.jpg 436,493,809,749,0
ISIC_0012320.jpg 577,384,892,655,0
ISIC_0012323.jpg 315,46,1385,931,0
ISIC_0012324.jpg 565,376,915,686,0
ISIC_0012325.jpg 423,304,1012,679,0
ISIC_0012329.jpg 524,308,999,767,0
ISIC_0012330.jpg 657,339,1085,677,0
ISIC_0012332.jpg 565,407,950,764,0
ISIC_0012333.jpg 636,407,868,577,0
ISIC_0012334.jpg 589,243,880,569,0
ISIC_0012335.jpg 683,353,927,592,0
ISIC_0012338.jpg 671,360,986,577,0
ISIC_0012342.jpg 625,433,1298,1158,0
ISIC_0012348.jpg 519,335,1122,748,0
ISIC_0012351.jpg 706,360,962,608,0
ISIC_0012356.jpg 0,0,1503,994,0
ISIC_0012357.jpg 602,197,991,719,0
ISIC_0012358.jpg 589,452,1124,781,0
ISIC_0012360.jpg 671,384,915,795,0
ISIC_0012363.jpg 684,467,1179,1073,0
ISIC_0012369.jpg 700,517,1511,1175,0
ISIC_0012372.jpg 627,342,962,683,0
ISIC_0012374.jpg 600,329,939,647,0
ISIC_0012376.jpg 683,423,845,538,0
ISIC_0012378.jpg 694,376,915,553,0
ISIC_0012379.jpg 265,17,1273,959,0
ISIC_0012381.jpg 499,284,1101,676,0
ISIC_0012382.jpg 318,32,1221,858,0
ISIC_0012384.jpg 755,390,1272,811,0
ISIC_0012390.jpg 429,308,1192,684,0
ISIC_0012391.jpg 675,315,931,607,0
ISIC_0012395.jpg 545,213,1042,731,0
ISIC_0012400.jpg 621,431,1607,1021,0
ISIC_0012406.jpg 939,635,1137,811,0
ISIC_0012413.jpg 694,376,962,670,0
ISIC_0012415.jpg 677,417,857,575,0
ISIC_0012417.jpg 403,0,1941,1422,0
ISIC_0012425.jpg 633,409,946,677,0
ISIC_0012432.jpg 510,205,1086,781,0
ISIC_0012434.jpg 753,415,1044,655,0
ISIC_0012435.jpg 636,306,974,584,0
ISIC_0012442.jpg 542,321,939,670,0
ISIC_0012445.jpg 868,550,1262,993,0
ISIC_0012447.jpg 517,271,1020,864,0
ISIC_0012448.jpg 649,395,825,583,0
ISIC_0012450.jpg 939,468,1305,855,0
ISIC_0012453.jpg 956,657,1355,1011,0
ISIC_0012455.jpg 624,267,1021,530,0
ISIC_0012464.jpg 860,469,1189,799,0
ISIC_0012469.jpg 569,160,1569,1189,0
ISIC_0012473.jpg 553,464,1530,1294,0
ISIC_0012475.jpg 553,479,1323,1154,0
ISIC_0012478.jpg 805,357,1540,1067,0
ISIC_0012481.jpg 1001,702,1162,891,0
ISIC_0012484.jpg 703,397,1392,1098,0
ISIC_0012487.jpg 556,347,940,698,0
ISIC_0012489.jpg 861,321,1533,1132,0
ISIC_0012493.jpg 908,385,1561,824,0
ISIC_0012494.jpg 885,304,1514,851,0
ISIC_0012495.jpg 922,435,1238,755,0
ISIC_0012496.jpg 755,401,1238,833,0
ISIC_0012503.jpg 805,646,1339,1078,0
ISIC_0012506.jpg 805,646,1087,889,0
ISIC_0012508.jpg 235,435,819,844,0
ISIC_0012510.jpg 7,0,2113,1415,0
ISIC_0012511.jpg 654,824,1238,1167,0
ISIC_0012512.jpg 653,381,1262,1170,0
ISIC_0012516.jpg 654,235,1422,911,0
ISIC_0012517.jpg 753,252,1384,953,0
ISIC_0012518.jpg 315,267,1167,1128,0
ISIC_0012520.jpg 671,568,1221,978,0
ISIC_0012521.jpg 788,413,1355,911,0
ISIC_0012523.jpg 1059,692,1231,855,0
ISIC_0012526.jpg 905,368,1406,788,0
ISIC_0012529.jpg 989,546,1255,877,0
ISIC_0012538.jpg 838,713,1205,989,0
ISIC_0012539.jpg 905,580,1205,833,0
ISIC_0012544.jpg 1023,591,1154,733,0
ISIC_0012547.jpg 872,524,1322,944,0
ISIC_0012548.jpg 511,167,1532,1186,0
ISIC_0012549.jpg 805,557,1272,1000,0
ISIC_0012550.jpg 755,580,1205,1022,0
ISIC_0012551.jpg 721,354,1129,730,0
ISIC_0012653.jpg 613,313,790,575,0
ISIC_0012654.jpg 439,333,626,482,0
ISIC_0012655.jpg 541,277,664,424,0
ISIC_0012656.jpg 367,222,708,538,0
ISIC_0012657.jpg 487,337,664,509,0
ISIC_0012658.jpg 361,199,700,521,0
ISIC_0012659.jpg 523,295,619,430,0
ISIC_0012660.jpg 523,199,799,496,0
ISIC_0012661.jpg 360,240,766,526,0
ISIC_0012662.jpg 707,414,836,575,0
ISIC_0012663.jpg 624,407,868,616,0
ISIC_0012664.jpg 589,329,962,709,0
ISIC_0012665.jpg 694,485,868,600,0
ISIC_0012666.jpg 683,415,845,569,0
ISIC_0012669.jpg 626,402,882,614,0
ISIC_0012670.jpg 614,302,864,561,0
ISIC_0012671.jpg 497,217,1004,757,0
ISIC_0012672.jpg 506,321,986,631,0
ISIC_0012673.jpg 506,321,986,631,0
ISIC_0012674.jpg 565,306,1044,702,0
ISIC_0012675.jpg 671,368,856,600,0
ISIC_0012676.jpg 659,438,833,600,0
ISIC_0012677.jpg 659,423,809,553,0
ISIC_0012678.jpg 612,313,962,741,0
ISIC_0012679.jpg 694,423,833,577,0
ISIC_0012680.jpg 636,345,927,631,0
ISIC_0012681.jpg 671,431,845,592,0
ISIC_0012682.jpg 718,438,856,545,0
ISIC_0012683.jpg 694,399,798,498,0
ISIC_0012684.jpg 506,142,974,749,0
ISIC_0012685.jpg 624,345,915,616,0
ISIC_0012690.jpg 612,274,903,733,0
ISIC_0012693.jpg 600,321,868,592,0
ISIC_0012697.jpg 636,337,833,631,0
ISIC_0012699.jpg 659,345,892,592,0
ISIC_0012700.jpg 584,335,886,595,0
ISIC_0012701.jpg 683,376,868,592,0
ISIC_0012702.jpg 706,418,869,551,0
ISIC_0012704.jpg 636,392,868,616,0
ISIC_0012705.jpg 619,394,867,613,0
ISIC_0012706.jpg 534,258,900,699,0
ISIC_0012708.jpg 548,305,928,685,0
ISIC_0012710.jpg 683,415,821,577,0
ISIC_0012711.jpg 659,423,821,569,0
ISIC_0012713.jpg 698,408,844,568,0
ISIC_0012715.jpg 208,204,996,861,0
ISIC_0012719.jpg 565,267,1021,717,0
ISIC_0012720.jpg 401,235,950,881,0
ISIC_0012721.jpg 471,259,962,764,0
ISIC_0012722.jpg 678,413,841,575,0
ISIC_0012725.jpg 659,353,856,592,0
ISIC_0012726.jpg 647,384,845,530,0
ISIC_0012735.jpg 589,353,833,569,0
ISIC_0012737.jpg 553,337,927,639,0
ISIC_0012739.jpg 683,431,845,577,0
ISIC_0012740.jpg 680,401,831,570,0
ISIC_0012741.jpg 612,376,845,631,0
ISIC_0012742.jpg 671,407,798,522,0
ISIC_0012744.jpg 706,423,856,561,0
ISIC_0012746.jpg 612,392,879,561,0
ISIC_0012749.jpg 375,3,1493,995,0
ISIC_0012756.jpg 530,153,1481,1001,0
ISIC_0012758.jpg 102,111,205,192,0
ISIC_0012768.jpg 458,203,1039,862,0
ISIC_0012770.jpg 636,407,868,584,0
ISIC_0012773.jpg 3,135,1406,806,0
ISIC_0012777.jpg 683,415,821,553,0
ISIC_0012786.jpg 262,182,1113,987,0
ISIC_0012789.jpg 703,415,855,603,0
ISIC_0012792.jpg 553,267,997,709,0
ISIC_0012793.jpg 659,446,809,553,0
ISIC_0012803.jpg 527,333,934,641,0
ISIC_0012804.jpg 608,347,944,567,0
ISIC_0012806.jpg 670,180,1380,937,0
ISIC_0012810.jpg 783,617,1089,945,0
ISIC_0012813.jpg 244,83,1201,949,0
ISIC_0012814.jpg 600,259,927,631,0
ISIC_0012823.jpg 772,598,997,778,0
ISIC_0012826.jpg 742,153,1360,839,0
ISIC_0012828.jpg 399,323,1319,1190,0
ISIC_0012835.jpg 659,415,833,538,0
ISIC_0012836.jpg 644,426,865,612,0
ISIC_0012837.jpg 10,0,1935,1295,0
ISIC_0012840.jpg 621,335,1208,950,0
ISIC_0012844.jpg 530,306,915,725,0
ISIC_0012852.jpg 684,250,1199,824,0
ISIC_0012855.jpg 600,306,927,545,0
ISIC_0012856.jpg 727,396,1042,667,0
ISIC_0012865.jpg 727,416,1224,859,0
ISIC_0012871.jpg 756,481,1152,969,0
ISIC_0012873.jpg 636,384,786,538,0
ISIC_0012876.jpg 898,559,1079,749,0
ISIC_0012877.jpg 694,348,1197,881,0
ISIC_0012878.jpg 697,436,1208,829,0
ISIC_0012879.jpg 612,407,915,592,0
ISIC_0012880.jpg 537,192,936,629,0
ISIC_0012883.jpg 803,436,1087,778,0
ISIC_0012884.jpg 600,290,1009,788,0
ISIC_0012887.jpg 706,438,892,655,0
ISIC_0012888.jpg 624,368,915,686,0
ISIC_0012889.jpg 600,165,1033,538,0
ISIC_0012891.jpg 600,384,939,624,0
ISIC_0012897.jpg 659,415,798,577,0
ISIC_0012898.jpg 840,341,1135,683,0
ISIC_0012901.jpg 624,329,927,600,0
ISIC_0012902.jpg 504,444,1220,1236,0
ISIC_0012903.jpg 799,540,1171,889,0
ISIC_0012904.jpg 680,423,1332,993,0
ISIC_0012905.jpg 788,517,1178,819,0
ISIC_0012907.jpg 818,436,1193,778,0
ISIC_0012911.jpg 647,391,869,620,0
ISIC_0012930.jpg 530,243,868,600,0
ISIC_0012932.jpg 427,149,1014,895,0
ISIC_0012939.jpg 833,578,1103,748,0
ISIC_0012940.jpg 745,426,1096,733,0
ISIC_0012941.jpg 656,498,1216,1015,0
ISIC_0012944.jpg 788,315,1284,798,0
ISIC_0012945.jpg 686,414,788,527,0
ISIC_0012949.jpg 765,407,939,592,0
ISIC_0012950.jpg 848,376,1314,849,0
ISIC_0012956.jpg 818,497,1057,748,0
ISIC_0012957.jpg 864,514,1176,764,0
ISIC_0012961.jpg 506,282,868,678,0
ISIC_0012965.jpg 683,399,809,530,0
ISIC_0012966.jpg 870,578,1081,760,0
ISIC_0012969.jpg 564,383,751,624,0
ISIC_0012976.jpg 878,588,1072,768,0
ISIC_0012981.jpg 637,496,909,810,0
ISIC_0012986.jpg 744,353,1173,785,0
ISIC_0012987.jpg 803,376,1103,687,0
ISIC_0012988.jpg 600,345,845,592,0
ISIC_0012989.jpg 685,397,914,683,0
ISIC_0012990.jpg 683,345,950,561,0
ISIC_0012999.jpg 1,265,1551,1142,0
ISIC_0013000.jpg 762,548,979,739,0
ISIC_0013001.jpg 896,372,1100,599,0
ISIC_0013007.jpg 542,251,1068,780,0
ISIC_0013010.jpg 671,370,871,575,0
ISIC_0013012.jpg 624,298,950,631,0
ISIC_0013015.jpg 600,267,927,647,0
ISIC_0013023.jpg 600,368,833,624,0
ISIC_0013024.jpg 521,227,1046,762,0
ISIC_0013025.jpg 893,568,1072,778,0
ISIC_0013026.jpg 893,588,1072,717,0
ISIC_0013027.jpg 954,636,1071,776,0
ISIC_0013031.jpg 455,266,841,571,0
ISIC_0013032.jpg 659,392,986,702,0
ISIC_0013034.jpg 591,331,1014,738,0
ISIC_0013035.jpg 607,417,936,810,0
ISIC_0013037.jpg 818,467,1118,809,0
ISIC_0013039.jpg 788,497,1148,819,0
ISIC_0013044.jpg 818,568,1087,798,0
ISIC_0013045.jpg 793,483,1097,957,0
ISIC_0013047.jpg 612,259,1009,741,0
ISIC_0013048.jpg 742,528,1103,839,0
ISIC_0013052.jpg 446,239,1191,870,0
ISIC_0013053.jpg 833,588,1087,859,0
ISIC_0013054.jpg 848,588,1057,758,0
ISIC_0013055.jpg 863,598,1012,707,0
ISIC_0013056.jpg 556,281,932,552,0
ISIC_0013063.jpg 369,165,1133,922,0
ISIC_0013065.jpg 733,635,1012,838,0
ISIC_0013070.jpg 635,478,1014,959,0
ISIC_0013071.jpg 667,497,1042,829,0
ISIC_0013072.jpg 364,249,1118,947,0
ISIC_0013073.jpg 125,6,1209,989,0
ISIC_0013075.jpg 576,396,1042,798,0
ISIC_0013079.jpg 581,194,996,703,0
ISIC_0013082.jpg 803,517,1057,829,0
ISIC_0013084.jpg 213,228,1174,733,0
ISIC_0013086.jpg 706,298,997,631,0
ISIC_0013087.jpg 550,329,878,672,0
ISIC_0013089.jpg 800,341,1157,726,0
ISIC_0013090.jpg 636,407,833,584,0
ISIC_0013094.jpg 670,429,855,598,0
ISIC_0013096.jpg 493,208,1057,674,0
ISIC_0013104.jpg 697,345,1269,981,0
ISIC_0013106.jpg 565,384,903,592,0
ISIC_0013109.jpg 708,361,891,591,0
ISIC_0013112.jpg 589,173,1009,553,0
ISIC_0013114.jpg 500,288,1070,777,0
ISIC_0013118.jpg 565,313,821,584,0
ISIC_0013120.jpg 934,390,1254,632,0
ISIC_0013121.jpg 671,415,915,639,0
ISIC_0013124.jpg 772,434,1123,789,0
ISIC_0013126.jpg 878,467,1148,687,0
ISIC_0013128.jpg 788,325,1133,819,0
ISIC_0013129.jpg 563,285,912,618,0
ISIC_0013134.jpg 715,376,1095,693,0
ISIC_0013136.jpg 659,353,939,631,0
ISIC_0013140.jpg 712,396,1012,667,0
ISIC_0013141.jpg 599,336,950,741,0
ISIC_0013146.jpg 283,134,997,780,0
ISIC_0013147.jpg 624,415,997,616,0
ISIC_0013150.jpg 612,259,950,592,0
ISIC_0013155.jpg 718,438,809,521,0
ISIC_0013159.jpg 766,369,1304,971,0
ISIC_0013160.jpg 520,85,1106,605,0
ISIC_0013163.jpg 718,364,886,589,0
ISIC_0013164.jpg 675,409,826,567,0
ISIC_0013165.jpg 682,406,1208,920,0
ISIC_0013166.jpg 553,181,1021,717,0
ISIC_0013167.jpg 606,203,1360,707,0
ISIC_0013169.jpg 119,0,1255,990,0
ISIC_0013170.jpg 251,67,1151,986,0
ISIC_0013172.jpg 647,392,880,624,0
ISIC_0013173.jpg 836,467,993,643,0
ISIC_0013176.jpg 640,336,1022,664,0
ISIC_0013177.jpg 576,118,1099,693,0
ISIC_0013178.jpg 391,80,1077,990,0
ISIC_0013181.jpg 667,399,857,584,0
ISIC_0013184.jpg 515,143,1481,1001,0
ISIC_0013187.jpg 471,345,1044,694,0
ISIC_0013189.jpg 659,390,1284,1047,0
ISIC_0013190.jpg 682,528,1254,910,0
ISIC_0013191.jpg 493,242,1002,679,0
ISIC_0013192.jpg 683,438,833,592,0
ISIC_0013193.jpg 549,326,1200,670,0
ISIC_0013196.jpg 714,442,781,523,0
ISIC_0013197.jpg 694,438,798,522,0
ISIC_0013198.jpg 371,262,908,918,0
ISIC_0013200.jpg 624,399,950,631,0
ISIC_0013201.jpg 695,345,867,557,0
ISIC_0013203.jpg 361,188,1146,798,0
ISIC_0013204.jpg 609,386,933,622,0
ISIC_0013205.jpg 617,394,875,643,0
ISIC_0013207.jpg 664,273,939,592,0
ISIC_0013208.jpg 706,415,833,538,0
ISIC_0013212.jpg 645,383,861,544,0
ISIC_0013213.jpg 600,384,927,733,0
ISIC_0013216.jpg 775,331,1215,760,0
ISIC_0013217.jpg 824,731,1004,919,0
ISIC_0013219.jpg 694,415,868,584,0
ISIC_0013220.jpg 530,353,927,717,0
ISIC_0013222.jpg 788,507,1148,879,0
ISIC_0013223.jpg 530,157,1009,631,0
ISIC_0013224.jpg 561,700,876,960,0
ISIC_0013226.jpg 859,379,1150,731,0
ISIC_0013227.jpg 833,528,1133,809,0
ISIC_0013229.jpg 905,780,1372,1278,0
ISIC_0013230.jpg 613,347,874,628,0
ISIC_0013232.jpg 612,220,1021,639,0
ISIC_0013233.jpg 812,304,939,480,0
ISIC_0013235.jpg 647,337,903,780,0
ISIC_0013238.jpg 682,355,1118,829,0
ISIC_0013242.jpg 627,303,1158,900,0
ISIC_0013244.jpg 424,306,1056,631,0
ISIC_0013248.jpg 636,368,856,584,0
ISIC_0013249.jpg 850,487,1169,795,0
ISIC_0013257.jpg 717,488,1152,821,0
ISIC_0013258.jpg 659,353,986,608,0
ISIC_0013269.jpg 781,560,1110,1018,0
ISIC_0013271.jpg 934,486,1399,866,0
ISIC_0013274.jpg 855,479,1288,788,0
ISIC_0013275.jpg 989,580,1238,811,0
ISIC_0013277.jpg 386,56,1049,908,0
ISIC_0013287.jpg 855,468,1188,900,0
ISIC_0013288.jpg 838,602,1205,1022,0
ISIC_0013291.jpg 882,498,1329,1071,0
ISIC_0013294.jpg 838,702,1205,1122,0
ISIC_0013302.jpg 997,721,1200,915,0
ISIC_0013304.jpg 816,448,1371,921,0
ISIC_0013306.jpg 786,705,1121,977,0
ISIC_0013310.jpg 549,464,1467,1412,0
ISIC_0013311.jpg 805,602,1154,978,0
ISIC_0013314.jpg 838,680,1221,1100,0
ISIC_0013315.jpg 489,455,1175,1186,0
ISIC_0013319.jpg 846,326,1363,996,0
ISIC_0013320.jpg 755,368,1322,966,0
ISIC_0013321.jpg 3,3,1252,1421,0
ISIC_0013325.jpg 892,550,1251,959,0
ISIC_0013326.jpg 892,516,1294,838,0
ISIC_0013329.jpg 838,557,1121,866,0
ISIC_0013330.jpg 805,680,1070,944,0
ISIC_0013333.jpg 889,479,1255,833,0
ISIC_0013334.jpg 348,285,1513,1173,0
ISIC_0013335.jpg 671,424,1473,1178,0
ISIC_0013340.jpg 828,753,1183,1015,0
ISIC_0013341.jpg 385,126,1669,1244,0
ISIC_0013342.jpg 922,591,1272,855,0
ISIC_0013346.jpg 643,235,1358,1086,0
ISIC_0013355.jpg 872,746,1020,855,0
ISIC_0013356.jpg 864,735,1198,942,0
ISIC_0013359.jpg 530,218,1581,1293,0
ISIC_0013360.jpg 1243,685,1516,986,0
ISIC_0013364.jpg 1023,613,1355,933,0
ISIC_0013365.jpg 788,457,1406,1055,0
ISIC_0013369.jpg 1050,593,1212,810,0
ISIC_0013371.jpg 554,335,1221,889,0
ISIC_0013374.jpg 72,3,1981,1300,0
ISIC_0013378.jpg 933,703,1349,1036,0
ISIC_0013383.jpg 905,713,1205,1078,0
ISIC_0013385.jpg 838,491,1288,1122,0
ISIC_0013390.jpg 889,580,1339,1078,0
ISIC_0013393.jpg 549,359,1672,1346,0
ISIC_0013394.jpg 939,546,1272,877,0
ISIC_0013395.jpg 838,702,1154,1100,0
ISIC_0013397.jpg 1016,95,1596,730,0
ISIC_0013398.jpg 1019,489,1233,700,0
ISIC_0013399.jpg 900,552,1310,1036,0
ISIC_0013400.jpg 669,489,1506,1259,0
ISIC_0013403.jpg 905,568,1272,978,0
ISIC_0013405.jpg 771,401,1255,822,0
ISIC_0013410.jpg 688,557,1070,1100,0
ISIC_0013411.jpg 53,335,1506,1390,0
ISIC_0013414.jpg 893,554,1179,907,0
ISIC_0013416.jpg 938,600,1215,813,0
ISIC_0013417.jpg 939,602,1188,800,0
ISIC_0013423.jpg 448,183,1725,1185,0
ISIC_0013424.jpg 557,344,1310,1083,0
ISIC_0013425.jpg 939,435,1422,833,0
ISIC_0013427.jpg 219,79,1925,1322,0
ISIC_0013428.jpg 554,212,1489,1100,0
ISIC_0013429.jpg 855,424,1355,900,0
ISIC_0013430.jpg 855,457,1372,955,0
ISIC_0013432.jpg 889,535,1322,911,0
ISIC_0013433.jpg 805,546,1221,922,0
ISIC_0013434.jpg 830,668,1360,1041,0
ISIC_0013437.jpg 738,312,1456,1189,0
ISIC_0013438.jpg 771,568,1255,1067,0
ISIC_0013443.jpg 766,457,1562,1279,0
ISIC_0013455.jpg 505,227,1485,1258,0
ISIC_0013456.jpg 962,728,1104,874,0
ISIC_0013457.jpg 599,115,1651,1306,0
ISIC_0013458.jpg 905,513,1355,889,0
ISIC_0013459.jpg 482,240,1367,1082,0
ISIC_0013461.jpg 785,715,1357,1200,0
ISIC_0013465.jpg 915,515,1175,856,0
ISIC_0013472.jpg 722,643,1424,1045,0
ISIC_0013473.jpg 238,0,2136,1418,0
ISIC_0013474.jpg 631,213,1341,1085,0
ISIC_0013480.jpg 682,497,951,717,0
ISIC_0013487.jpg 477,224,680,526,0
ISIC_0013488.jpg 419,235,717,517,0
ISIC_0013489.jpg 451,253,700,491,0
ISIC_0013490.jpg 542,228,950,600,0
ISIC_0013491.jpg 612,345,950,733,0
ISIC_0013492.jpg 600,329,974,631,0
ISIC_0013493.jpg 289,173,1440,1092,0
ISIC_0013494.jpg 889,357,1288,1011,0
ISIC_0013495.jpg 838,491,1272,1067,0
ISIC_0013498.jpg 712,447,1254,819,0
ISIC_0013499.jpg 712,366,1193,900,0
ISIC_0013500.jpg 757,376,1103,849,0
ISIC_0013501.jpg 811,488,1309,1045,0
ISIC_0013511.jpg 594,306,1002,658,0
ISIC_0013512.jpg 681,392,842,597,0
ISIC_0013516.jpg 491,662,985,1186,0
ISIC_0013517.jpg 972,791,1238,966,0
ISIC_0013518.jpg 436,23,1757,1289,0
ISIC_0013523.jpg 589,353,821,631,0
ISIC_0013525.jpg 612,282,1232,616,0
ISIC_0013526.jpg 677,452,865,579,0
ISIC_0013527.jpg 717,434,800,574,0
ISIC_0013529.jpg 855,502,1272,877,0
ISIC_0013549.jpg 753,500,1412,977,0
ISIC_0013552.jpg 770,616,997,842,0
ISIC_0013553.jpg 671,201,1422,989,0
ISIC_0013554.jpg 872,724,1121,1000,0
ISIC_0013558.jpg 647,337,864,630,0
ISIC_0013559.jpg 589,313,868,670,0
ISIC_0013561.jpg 585,274,883,741,0
ISIC_0013562.jpg 721,468,1188,933,0
ISIC_0013565.jpg 933,613,1305,866,0
ISIC_0013567.jpg 755,674,1201,1018,0
ISIC_0013568.jpg 636,399,833,600,0
ISIC_0013572.jpg 805,491,1389,911,0
ISIC_0013573.jpg 589,153,1352,826,0
ISIC_0013577.jpg 682,243,1550,1152,0
ISIC_0013578.jpg 872,279,1355,1122,0
ISIC_0013579.jpg 805,312,1473,1055,0
ISIC_0013580.jpg 972,524,1339,889,0
ISIC_0013581.jpg 889,669,1272,1011,0
ISIC_0013585.jpg 185,0,1875,1423,0
ISIC_0013588.jpg 682,408,1464,1106,0
ISIC_0013592.jpg 956,591,1154,822,0
ISIC_0013594.jpg 213,0,1326,999,0
ISIC_0013595.jpg 661,425,841,584,0
ISIC_0013596.jpg 684,427,826,624,0
ISIC_0013597.jpg 694,392,845,569,0
ISIC_0013599.jpg 848,598,1087,768,0
ISIC_0013600.jpg 631,536,1501,1003,0
ISIC_0013601.jpg 848,517,1208,849,0
ISIC_0013602.jpg 777,478,1130,852,0
ISIC_0013603.jpg 848,538,1087,778,0
ISIC_0013606.jpg 956,557,1238,800,0
ISIC_0013610.jpg 589,298,939,670,0
ISIC_0013615.jpg 693,434,1479,1231,0
ISIC_0013617.jpg 325,350,1550,1202,0
ISIC_0013618.jpg 253,59,1892,1235,0
ISIC_0013621.jpg 122,173,1723,1295,0
ISIC_0013626.jpg 515,203,1254,890,0
ISIC_0013634.jpg 749,318,1456,1209,0
ISIC_0013635.jpg 671,401,1221,922,0
ISIC_0013636.jpg 584,121,1702,1271,0
ISIC_0013637.jpg 771,468,1305,966,0
ISIC_0013639.jpg 727,436,1208,869,0
ISIC_0013643.jpg 889,457,1288,922,0
ISIC_0013644.jpg 695,404,1388,982,0
ISIC_0013651.jpg 247,224,1676,1262,0
ISIC_0013652.jpg 551,375,955,677,0
ISIC_0013656.jpg 924,467,1133,687,0
ISIC_0013663.jpg 688,45,1523,1189,0
ISIC_0013664.jpg 747,389,1266,1102,0
ISIC_0013667.jpg 425,335,1269,1052,0
ISIC_0013670.jpg 1069,986,1268,1235,0
ISIC_0013671.jpg 604,535,1473,1256,0
ISIC_0013672.jpg 732,458,1991,1125,0
ISIC_0013673.jpg 696,320,906,544,0
ISIC_0013674.jpg 500,235,1457,1302,0
ISIC_0013675.jpg 905,691,1406,1289,0
ISIC_0013676.jpg 939,535,1422,1089,0
ISIC_0013678.jpg 599,316,900,604,0
ISIC_0013680.jpg 756,347,1148,663,0
ISIC_0013684.jpg 625,256,968,666,0
ISIC_0013685.jpg 450,145,1453,994,0
ISIC_0013688.jpg 788,546,1339,922,0
ISIC_0013689.jpg 989,602,1171,788,0
ISIC_0013690.jpg 1012,584,1238,780,0
ISIC_0013691.jpg 471,282,962,749,0
ISIC_0013695.jpg 872,580,1372,1044,0
ISIC_0013696.jpg 787,247,1060,547,0
ISIC_0013702.jpg 574,336,1499,992,0
ISIC_0013708.jpg 2,4,1634,1294,0
ISIC_0013709.jpg 265,8,1146,713,0
ISIC_0013712.jpg 788,702,1054,966,0
ISIC_0013713.jpg 889,602,1238,877,0
ISIC_0013719.jpg 600,360,986,655,0
ISIC_0013721.jpg 592,287,1169,732,0
ISIC_0013733.jpg 824,544,1289,927,0
ISIC_0013736.jpg 838,413,1506,1111,0
ISIC_0013737.jpg 1073,802,1305,989,0
ISIC_0013738.jpg 1064,908,1250,1095,0
ISIC_0013739.jpg 538,295,847,743,0
ISIC_0013740.jpg 568,186,955,705,0
ISIC_0013747.jpg 733,401,1426,1208,0
ISIC_0013748.jpg 755,324,1339,955,0
ISIC_0013749.jpg 771,312,1255,833,0
ISIC_0013758.jpg 754,464,1429,1217,0
ISIC_0013762.jpg 751,448,1446,1057,0
ISIC_0013765.jpg 684,7,2001,1325,0
ISIC_0013766.jpg 905,519,1278,1007,0
ISIC_0013767.jpg 377,89,1616,1250,0
ISIC_0013772.jpg 855,524,1121,833,0
ISIC_0013775.jpg 922,657,1372,1067,0
ISIC_0013777.jpg 470,491,1322,944,0
ISIC_0013778.jpg 570,535,1808,1089,0
ISIC_0013782.jpg 506,298,915,600,0
ISIC_0013783.jpg 474,8,1592,1265,0
ISIC_0013789.jpg 718,431,903,577,0
ISIC_0013792.jpg 397,277,673,545,0
ISIC_0013793.jpg 397,223,754,539,0
ISIC_0013794.jpg 601,345,975,580,0
ISIC_0013795.jpg 664,434,821,567,0
ISIC_0013796.jpg 683,376,845,577,0
ISIC_0013797.jpg 576,133,1269,879,0
ISIC_0013798.jpg 924,609,1057,717,0
ISIC_0013799.jpg 610,367,946,631,0
ISIC_0013800.jpg 647,329,880,639,0
ISIC_0013801.jpg 349,261,1129,768,0
ISIC_0013802.jpg 694,399,856,608,0
ISIC_0013803.jpg 683,431,845,561,0
ISIC_0013804.jpg 683,399,856,584,0
ISIC_0013805.jpg 701,403,1412,1000,0
ISIC_0013806.jpg 939,513,1238,800,0
ISIC_0013807.jpg 1023,580,1171,755,0
ISIC_0013808.jpg 973,593,1272,789,0
ISIC_0013809.jpg 609,257,1534,1360,0
ISIC_0013813.jpg 311,3,1679,1422,0
ISIC_0013815.jpg 889,513,1188,800,0
ISIC_0013816.jpg 496,333,1310,996,0
ISIC_0013817.jpg 688,557,1288,1122,0
ISIC_0013819.jpg 738,657,1255,1089,0
ISIC_0013828.jpg 365,0,1209,756,0
ISIC_0013830.jpg 939,580,1221,855,0
ISIC_0013831.jpg 872,769,1355,1100,0
ISIC_0013832.jpg 408,53,1115,952,0
ISIC_0013833.jpg 10,5,2085,1421,0
ISIC_0013835.jpg 496,178,1024,928,0
ISIC_0013836.jpg 889,535,1171,744,0
ISIC_0013837.jpg 694,360,809,506,0
ISIC_0013839.jpg 1039,746,1238,933,0
ISIC_0013840.jpg 112,90,1107,959,0
ISIC_0013842.jpg 615,281,961,563,0
ISIC_0013843.jpg 612,415,868,592,0
ISIC_0013844.jpg 589,384,927,694,0
ISIC_0013861.jpg 257,187,1546,1402,0
ISIC_0013862.jpg 349,128,1862,1279,0
ISIC_0013863.jpg 690,656,877,849,0
ISIC_0013865.jpg 771,568,1473,1100,0
ISIC_0013867.jpg 220,17,1602,1236,0
ISIC_0013874.jpg 319,257,1657,1211,0
ISIC_0013879.jpg 771,624,1221,933,0
ISIC_0013886.jpg 774,557,1106,833,0
ISIC_0013888.jpg 956,580,1188,766,0
ISIC_0013891.jpg 941,674,1137,889,0
ISIC_0013896.jpg 788,580,1389,1222,0
ISIC_0013897.jpg 873,795,1313,1191,0
ISIC_0013898.jpg 838,746,1339,1133,0
ISIC_0013908.jpg 440,181,1062,689,0
ISIC_0013910.jpg 882,345,1056,530,0
ISIC_0013911.jpg 628,355,883,636,0
ISIC_0013917.jpg 857,619,1253,1139,0
ISIC_0013918.jpg 636,259,1044,569,0
ISIC_0013921.jpg 893,467,1193,829,0
ISIC_0013922.jpg 872,491,1305,833,0
ISIC_0013925.jpg 153,19,1254,980,0
ISIC_0013929.jpg 499,262,1789,1341,0
ISIC_0013935.jpg 905,670,1211,983,0
ISIC_0013936.jpg 647,313,845,538,0
ISIC_0013942.jpg 881,658,1325,1053,0
ISIC_0013946.jpg 430,223,1044,830,0
ISIC_0013948.jpg 604,306,1338,978,0
ISIC_0013953.jpg 685,233,1342,998,0
ISIC_0013958.jpg 478,105,1053,785,0
ISIC_0013961.jpg 827,603,1165,906,0
ISIC_0013962.jpg 788,691,1054,911,0
ISIC_0013966.jpg 622,411,884,622,0
ISIC_0013967.jpg 589,306,974,655,0
ISIC_0013969.jpg 855,613,1322,1167,0
ISIC_0013970.jpg 872,580,1020,722,0
ISIC_0013972.jpg 532,496,1215,1263,0
ISIC_0013975.jpg 630,388,1008,783,0
ISIC_0013977.jpg 648,369,946,729,0
ISIC_0013980.jpg 704,424,1104,866,0
ISIC_0013981.jpg 510,459,975,1083,0
ISIC_0013982.jpg 868,347,1405,903,0
ISIC_0013983.jpg 600,298,962,600,0
ISIC_0013984.jpg 518,63,986,670,0
ISIC_0013986.jpg 600,177,1095,795,0
ISIC_0013987.jpg 500,293,943,760,0
ISIC_0013988.jpg 167,3,910,972,0
ISIC_0013995.jpg 822,502,1372,877,0
ISIC_0013996.jpg 343,467,934,1108,0
ISIC_0013997.jpg 704,268,1154,711,0
ISIC_0013998.jpg 808,197,1291,549,0
ISIC_0014001.jpg 436,279,1188,944,0
ISIC_0014013.jpg 471,157,1103,725,0
ISIC_0014026.jpg 771,591,1205,955,0
ISIC_0014027.jpg 547,263,1196,1030,0
ISIC_0014028.jpg 683,360,868,624,0
ISIC_0014029.jpg 647,298,950,592,0
ISIC_0014032.jpg 1218,483,1599,806,0
ISIC_0014037.jpg 599,4,1522,1385,0
ISIC_0014044.jpg 731,243,1430,1106,0
ISIC_0014046.jpg 989,691,1221,877,0
ISIC_0014049.jpg 704,468,1171,822,0
ISIC_0014059.jpg 811,713,1345,1035,0
ISIC_0014062.jpg 587,613,1255,1122,0
ISIC_0014066.jpg 738,769,1489,1089,0
ISIC_0014069.jpg 817,687,1286,1068,0
ISIC_0014072.jpg 173,20,1948,1416,0
ISIC_0014073.jpg 542,43,1685,1289,0
ISIC_0014076.jpg 102,0,1925,1423,0
ISIC_0014077.jpg 422,240,1577,1419,0
ISIC_0014080.jpg 872,535,1422,911,0
ISIC_0014081.jpg 922,635,1355,844,0
ISIC_0014089.jpg 957,931,1178,1168,0
ISIC_0014090.jpg 985,572,1237,786,0
ISIC_0014092.jpg 905,379,1205,644,0
ISIC_0014093.jpg 972,646,1305,1044,0
ISIC_0014094.jpg 1021,933,1275,1161,0
ISIC_0014099.jpg 652,127,1332,1160,0
ISIC_0014103.jpg 683,207,1437,1279,0
ISIC_0014108.jpg 815,415,1468,1266,0
ISIC_0014110.jpg 571,332,1545,1152,0
ISIC_0014114.jpg 335,108,1222,903,0
ISIC_0014117.jpg 885,656,1349,1066,0
ISIC_0014127.jpg 587,301,1406,788,0
ISIC_0014129.jpg 521,175,1736,1344,0
ISIC_0014131.jpg 766,386,1027,637,0
ISIC_0014132.jpg 341,111,1192,1006,0
ISIC_0014133.jpg 118,0,1607,1367,0
ISIC_0014136.jpg 822,713,1355,1133,0
ISIC_0014139.jpg 838,201,1406,666,0
ISIC_0014144.jpg 939,413,1238,800,0
ISIC_0014149.jpg 887,727,1267,1165,0
ISIC_0014150.jpg 721,624,1406,1111,0
ISIC_0014151.jpg 445,131,1935,1181,0
ISIC_0014156.jpg 791,531,1315,1030,0
ISIC_0014157.jpg 336,268,1104,911,0
ISIC_0014158.jpg 944,604,1224,899,0
ISIC_0014160.jpg 687,353,1397,973,0
ISIC_0014162.jpg 922,735,1288,1033,0
ISIC_0014163.jpg 286,57,1774,1322,0
ISIC_0014164.jpg 771,635,1523,1089,0
ISIC_0014166.jpg 622,385,1477,969,0
ISIC_0014169.jpg 630,255,1290,894,0
ISIC_0014171.jpg 588,255,1644,1294,0
ISIC_0014173.jpg 519,121,1865,1369,0
ISIC_0014174.jpg 972,568,1221,811,0
ISIC_0014178.jpg 755,580,1305,955,0
ISIC_0014181.jpg 277,35,1757,1324,0
ISIC_0014183.jpg 611,113,1182,1188,0
ISIC_0014185.jpg 805,557,1339,1122,0
ISIC_0014186.jpg 682,365,1459,1077,0
ISIC_0014187.jpg 1033,614,1168,821,0
ISIC_0014189.jpg 431,5,1992,1382,0
ISIC_0014190.jpg 896,491,1356,1222,0
ISIC_0014195.jpg 939,613,1205,889,0
ISIC_0014197.jpg 704,335,1473,1111,0
ISIC_0014211.jpg 872,390,1640,1000,0
ISIC_0014217.jpg 85,201,1690,1256,0
ISIC_0014219.jpg 728,313,1571,1230,0
ISIC_0014221.jpg 592,65,1528,1271,0
ISIC_0014222.jpg 636,192,1741,1348,0
ISIC_0014225.jpg 929,657,1238,1012,0
ISIC_0014229.jpg 872,479,1288,889,0
ISIC_0014233.jpg 514,363,1463,1393,0
ISIC_0014238.jpg 838,468,1355,1011,0
ISIC_0014248.jpg 957,820,1136,1028,0
ISIC_0014249.jpg 436,168,1506,966,0
ISIC_0014253.jpg 1106,546,1389,788,0
ISIC_0014255.jpg 499,305,1674,1346,0
ISIC_0014263.jpg 956,524,1255,855,0
ISIC_0014270.jpg 803,319,1364,988,0
ISIC_0014273.jpg 704,357,1372,1078,0
ISIC_0014274.jpg 905,524,1255,844,0
ISIC_0014284.jpg 875,664,1210,1062,0
ISIC_0014286.jpg 956,613,1171,777,0
ISIC_0014288.jpg 694,499,1513,1291,0
ISIC_0014289.jpg 269,101,1573,1245,0
ISIC_0014290.jpg 838,702,1272,1167,0
ISIC_0014291.jpg 631,514,1264,1178,0
ISIC_0014299.jpg 923,550,1110,737,0
ISIC_0014302.jpg 939,390,1339,922,0
ISIC_0014308.jpg 838,491,1439,1055,0
ISIC_0014311.jpg 554,413,1607,1423,0
ISIC_0014316.jpg 771,413,1355,1111,0
ISIC_0014317.jpg 872,702,1238,1189,0
ISIC_0014324.jpg 121,8,1342,1364,0
ISIC_0014325.jpg 487,212,1573,1133,0
ISIC_0014327.jpg 726,397,1531,1129,0
ISIC_0014328.jpg 734,169,1247,1034,0
ISIC_0014331.jpg 551,91,1531,1409,0
ISIC_0014336.jpg 396,17,1501,1160,0
ISIC_0014337.jpg 822,580,1305,1167,0
ISIC_0014346.jpg 956,813,1154,1044,0
ISIC_0014347.jpg 662,253,1379,1274,0
ISIC_0014349.jpg 727,603,1516,1212,0
ISIC_0014353.jpg 872,368,1121,588,0
ISIC_0014357.jpg 671,190,1272,1067,0
ISIC_0014360.jpg 822,568,1238,1044,0
ISIC_0014361.jpg 805,669,1238,1133,0
ISIC_0014365.jpg 269,45,1925,1423,0
ISIC_0014366.jpg 503,368,1439,944,0
ISIC_0014372.jpg 274,117,1566,1254,0
ISIC_0014382.jpg 587,324,1674,1300,0
ISIC_0014385.jpg 450,4,1846,1420,0
ISIC_0014386.jpg 624,300,1592,1414,0
ISIC_0014392.jpg 650,159,1522,1299,0
ISIC_0014393.jpg 529,578,1044,1069,0
ISIC_0014394.jpg 872,769,1355,1100,0
ISIC_0014395.jpg 587,279,1355,1167,0
ISIC_0014397.jpg 704,435,1674,1245,0
ISIC_0014410.jpg 671,613,1305,1022,0
ISIC_0014419.jpg 165,133,1488,1028,0
ISIC_0014422.jpg 185,324,1958,1334,0
ISIC_0014423.jpg 1030,538,1694,1142,0
ISIC_0014428.jpg 872,635,1288,1044,0
ISIC_0014430.jpg 771,390,1439,1055,0
ISIC_0014431.jpg 939,680,1188,900,0
ISIC_0014433.jpg 905,602,1473,978,0
ISIC_0014434.jpg 902,632,1416,1167,0
ISIC_0014438.jpg 671,580,1406,1111,0
ISIC_0014440.jpg 838,780,987,944,0
ISIC_0014441.jpg 1006,290,1456,766,0
ISIC_0014453.jpg 905,546,1305,833,0
ISIC_0014454.jpg 431,20,1732,1312,0
ISIC_0014457.jpg 321,136,1794,1389,0
ISIC_0014458.jpg 939,680,1272,1011,0
ISIC_0014469.jpg 872,769,1339,1178,0
ISIC_0014470.jpg 788,613,1255,1133,0
ISIC_0014473.jpg 749,327,1434,1026,0
ISIC_0014475.jpg 774,439,1302,944,0
ISIC_0014476.jpg 855,491,1288,900,0
ISIC_0014478.jpg 834,724,1201,1133,0
ISIC_0014480.jpg 779,437,1462,1115,0
ISIC_0014486.jpg 771,479,1255,889,0
ISIC_0014489.jpg 427,30,2055,1401,0
ISIC_0014490.jpg 922,752,1244,1115,0
ISIC_0014498.jpg 771,435,1288,777,0
ISIC_0014500.jpg 651,188,1716,1218,0
ISIC_0014501.jpg 704,435,1573,1055,0
ISIC_0014502.jpg 788,568,1339,1089,0
ISIC_0014503.jpg 581,441,1240,1126,0
ISIC_0014506.jpg 459,3,1742,1354,0
ISIC_0014507.jpg 822,613,1389,1100,0
ISIC_0014511.jpg 1011,745,1266,990,0
ISIC_0014513.jpg 786,476,1369,1036,0
ISIC_0014518.jpg 815,243,1742,858,0
ISIC_0014522.jpg 813,621,1134,983,0
ISIC_0014525.jpg 875,427,1298,849,0
ISIC_0014526.jpg 889,580,1288,944,0
ISIC_0014527.jpg 592,182,1757,1392,0
ISIC_0014529.jpg 855,691,1020,855,0
ISIC_0014535.jpg 788,457,1389,1122,0
ISIC_0014537.jpg 474,277,1361,1270,0
ISIC_0014541.jpg 1007,111,2006,1158,0
ISIC_0014542.jpg 817,78,2013,963,0
ISIC_0014543.jpg 704,646,1272,1200,0
ISIC_0014545.jpg 704,646,1171,1133,0
ISIC_0014546.jpg 293,14,1971,1413,0
ISIC_0014547.jpg 923,1027,1077,1201,0
ISIC_0014548.jpg 735,486,1612,1338,0
ISIC_0014554.jpg 905,224,1657,1055,0
ISIC_0014558.jpg 621,279,1456,1189,0
ISIC_0014559.jpg 463,45,1536,1188,0
ISIC_0014567.jpg 415,313,911,675,0
ISIC_0014572.jpg 477,303,788,604,0
ISIC_0014573.jpg 503,278,734,621,0
ISIC_0014574.jpg 485,336,749,619,0
ISIC_0014576.jpg 426,341,748,687,0
ISIC_0014577.jpg 325,303,839,755,0
ISIC_0014580.jpg 333,47,720,914,0
ISIC_0014581.jpg 352,149,805,962,0
ISIC_0014583.jpg 394,327,687,623,0
ISIC_0014585.jpg 993,433,1396,889,0
ISIC_0014586.jpg 792,215,2041,1320,0
ISIC_0014587.jpg 466,404,749,684,0
ISIC_0014596.jpg 487,387,687,535,0
ISIC_0014599.jpg 315,152,1112,860,0
ISIC_0014600.jpg 442,307,790,603,0
ISIC_0014601.jpg 283,225,787,701,0
ISIC_0014603.jpg 487,336,987,958,0
ISIC_0014605.jpg 406,0,1082,951,0
ISIC_0014609.jpg 214,0,890,868,0
ISIC_0014610.jpg 538,372,809,641,0
ISIC_0014617.jpg 497,417,707,604,0
ISIC_0014619.jpg 536,362,927,708,0
ISIC_0014623.jpg 92,84,1122,838,0
ISIC_0014624.jpg 376,235,697,793,0
ISIC_0014625.jpg 161,240,1187,723,0
ISIC_0014628.jpg 436,303,829,725,0
ISIC_0014632.jpg 578,417,728,520,0
ISIC_0014633.jpg 568,349,717,551,0
ISIC_0014635.jpg 412,340,811,932,0
ISIC_0014637.jpg 434,260,765,574,0
ISIC_0014639.jpg 335,320,866,706,0
ISIC_0014640.jpg 345,235,971,679,0
ISIC_0014642.jpg 345,205,778,604,0
ISIC_0014643.jpg 473,159,932,744,0
ISIC_0014651.jpg 376,326,687,588,0
ISIC_0014652.jpg 22,3,1142,965,0
ISIC_0014657.jpg 981,376,2165,1260,0
ISIC_0014658.jpg 1176,723,2713,1942,0
ISIC_0014661.jpg 938,573,2341,1663,0
ISIC_0014663.jpg 735,0,2951,2103,0
ISIC_0014664.jpg 482,6,2667,2204,0
ISIC_0014665.jpg 1490,795,2637,1673,0
ISIC_0014666.jpg 185,197,2780,2214,0
ISIC_0014667.jpg 1177,506,2193,1619,0
ISIC_0014675.jpg 1031,587,2215,1616,0
ISIC_0014677.jpg 928,117,2319,1609,0
ISIC_0014680.jpg 863,400,2585,1768,0
ISIC_0014682.jpg 79,104,3131,2199,0
ISIC_0014683.jpg 647,431,2584,1667,0
ISIC_0014684.jpg 1306,568,2058,1503,0
ISIC_0014685.jpg 1741,761,2414,1311,0
ISIC_0014687.jpg 1008,31,2810,1923,0
ISIC_0014688.jpg 27,0,3322,2197,0
ISIC_0014692.jpg 1481,968,2621,1742,0
ISIC_0014693.jpg 208,174,3105,2219,0
ISIC_0014694.jpg 702,53,2232,2010,0
ISIC_0014696.jpg 287,280,2881,2159,0
ISIC_0014697.jpg 920,317,2091,1649,0
ISIC_0014698.jpg 1155,426,2154,1408,0
ISIC_0014702.jpg 1056,677,1946,1626,0
ISIC_0014703.jpg 5,3,3018,2198,0
ISIC_0014707.jpg 1194,362,2152,1528,0
ISIC_0014708.jpg 725,174,2275,1812,0
ISIC_0014713.jpg 543,482,2113,2010,0
ISIC_0014714.jpg 182,0,3310,2210,0
ISIC_0014715.jpg 1010,654,2223,1786,0
ISIC_0014716.jpg 340,211,2318,2136,0
ISIC_0014720.jpg 521,38,3074,1863,0
ISIC_0014722.jpg 285,53,2758,2200,0
ISIC_0014723.jpg 414,52,2500,1950,0
ISIC_0014724.jpg 130,0,3264,2121,0
ISIC_0014725.jpg 572,266,2699,1920,0
ISIC_0014726.jpg 589,220,2671,2208,0
ISIC_0014728.jpg 507,69,2845,2151,0
ISIC_0014729.jpg 313,79,2933,2197,0
ISIC_0014730.jpg 1095,467,2284,1445,0
ISIC_0014731.jpg 1049,635,2203,1598,0
ISIC_0014735.jpg 287,0,2985,2199,0
ISIC_0014739.jpg 863,608,2376,1750,0
ISIC_0014740.jpg 444,22,3066,2219,0
ISIC_0014742.jpg 287,36,2959,2122,0
ISIC_0014743.jpg 114,363,2803,1823,0
ISIC_0014745.jpg 706,469,2402,1941,0
ISIC_0014746.jpg 461,0,3093,2051,0
ISIC_0014748.jpg 626,53,2681,2209,0
ISIC_0014749.jpg 420,434,2727,2064,0
ISIC_0014753.jpg 467,0,2775,2219,0
ISIC_0014754.jpg 572,345,2336,2113,0
ISIC_0014755.jpg 643,254,2509,1714,0
ISIC_0014760.jpg 0,226,3167,2166,0
ISIC_0014762.jpg 0,0,3235,2036,0
ISIC_0014763.jpg 245,118,2942,2132,0
ISIC_0014765.jpg 709,349,2941,1936,0
ISIC_0014768.jpg 1241,524,2350,1599,0
ISIC_0014769.jpg 650,174,2697,2106,0
ISIC_0014770.jpg 680,566,1982,1608,0
ISIC_0014771.jpg 182,174,3050,1880,0
ISIC_0014772.jpg 318,157,2675,2067,0
ISIC_0014773.jpg 911,687,2643,1900,0
ISIC_0014775.jpg 338,190,3267,2199,0
ISIC_0014778.jpg 967,795,1930,1587,0
ISIC_0014779.jpg 880,348,2378,1612,0
ISIC_0014780.jpg 576,615,2382,2015,0
ISIC_0014782.jpg 651,539,2523,1716,0
ISIC_0014783.jpg 678,329,2757,1709,0
ISIC_0014784.jpg 0,0,2981,2034,0
ISIC_0014785.jpg 725,448,2482,1890,0
ISIC_0014786.jpg 490,95,3119,2099,0
ISIC_0014787.jpg 143,0,3320,2036,0
ISIC_0014788.jpg 1456,296,2759,1341,0
ISIC_0014790.jpg 3,4,3206,2217,0
ISIC_0014791.jpg 416,0,2853,2220,0
ISIC_0014792.jpg 1118,594,1815,1213,0
ISIC_0014794.jpg 546,29,2367,2212,0
ISIC_0014795.jpg 961,571,2308,1984,0
ISIC_0014796.jpg 984,834,2321,1948,0
ISIC_0014797.jpg 1644,564,2290,1179,0
ISIC_0014798.jpg 699,293,3031,1770,0
ISIC_0014800.jpg 963,94,2549,1837,0
ISIC_0014802.jpg 1154,517,2349,1682,0
ISIC_0014803.jpg 209,0,3008,2036,0
ISIC_0014804.jpg 860,384,2341,1829,0
ISIC_0014805.jpg 912,628,1924,1323,0
ISIC_0014806.jpg 1143,536,2723,1812,0
ISIC_0014807.jpg 107,0,3310,2200,0
ISIC_0014808.jpg 857,346,2515,1709,0
ISIC_0014809.jpg 880,709,2249,1881,0
ISIC_0014812.jpg 909,606,1970,1294,0
ISIC_0014814.jpg 682,572,2270,1491,0
ISIC_0014815.jpg 1073,167,2731,1718,0
ISIC_0014818.jpg 286,362,3294,1942,0
ISIC_0014820.jpg 1298,677,2040,1328,0
ISIC_0014821.jpg 1480,640,2619,1899,0
ISIC_0014823.jpg 1450,834,2327,1699,0
ISIC_0014825.jpg 520,365,2697,2115,0
ISIC_0014826.jpg 498,11,2805,1985,0
ISIC_0014829.jpg 1169,521,1996,1595,0
ISIC_0014830.jpg 342,219,2300,1929,0
ISIC_0014831.jpg 468,260,2801,1742,0
ISIC_0014832.jpg 598,226,2541,1750,0
ISIC_0014833.jpg 53,10,3192,2210,0
ISIC_0014834.jpg 1016,295,2549,1622,0
ISIC_0014835.jpg 314,217,2483,2157,0
ISIC_0014836.jpg 717,439,2449,1763,0
ISIC_0014838.jpg 442,105,2929,2105,0
ISIC_0014839.jpg 1398,70,2533,1387,0
ISIC_0014843.jpg 589,250,2398,1840,0
ISIC_0014844.jpg 1054,453,2395,1645,0
ISIC_0014845.jpg 1010,414,2171,1615,0
ISIC_0014846.jpg 338,36,2930,2166,0
ISIC_0014848.jpg 1218,657,2225,1604,0
ISIC_0014849.jpg 1040,140,2777,1689,0
ISIC_0014850.jpg 1259,336,2444,1725,0
ISIC_0014851.jpg 1222,643,2751,1906,0
ISIC_0014853.jpg 944,671,2076,1432,0
ISIC_0014854.jpg 474,79,2943,2025,0
ISIC_0014855.jpg 571,743,2380,2036,0
ISIC_0014857.jpg 545,0,3157,2219,0
ISIC_0014860.jpg 983,395,2624,1885,0
ISIC_0014862.jpg 254,386,3256,2219,0
ISIC_0014863.jpg 923,594,2288,1828,0
ISIC_0014867.jpg 795,566,2225,1582,0
ISIC_0014868.jpg 410,104,2864,2219,0
ISIC_0014869.jpg 754,262,2388,2054,0
ISIC_0014872.jpg 29,16,2690,2227,0
ISIC_0014876.jpg 320,115,2421,2081,0
ISIC_0014879.jpg 1249,650,1770,1247,0
ISIC_0014883.jpg 665,345,2851,2219,0
ISIC_0014890.jpg 1155,576,2229,1670,0
ISIC_0014891.jpg 235,88,3072,2010,0
ISIC_0014897.jpg 1408,402,2812,1950,0
ISIC_0014898.jpg 546,174,2906,1975,0
ISIC_0014901.jpg 615,323,2207,1769,0
ISIC_0014903.jpg 995,596,3110,1590,0
ISIC_0014904.jpg 965,504,2447,1820,0
ISIC_0014907.jpg 893,572,2252,1628,0
ISIC_0014908.jpg 1072,451,2389,1513,0
ISIC_0014910.jpg 618,0,3117,2126,0
ISIC_0014911.jpg 702,100,2885,2206,0
ISIC_0014912.jpg 0,255,3353,2179,0
ISIC_0014913.jpg 368,400,2881,2028,0
ISIC_0014915.jpg 525,123,2933,2107,0
ISIC_0014919.jpg 735,471,2095,1828,0
ISIC_0014920.jpg 808,556,2212,1456,0
ISIC_0014921.jpg 787,482,2516,1969,0
ISIC_0014922.jpg 730,0,3098,1664,0
ISIC_0014923.jpg 1266,792,2239,1651,0
ISIC_0014925.jpg 1285,712,2304,1698,0
ISIC_0014926.jpg 997,504,2331,1906,0
ISIC_0014927.jpg 153,42,2960,2195,0
ISIC_0014928.jpg 1516,698,2412,1799,0
ISIC_0014929.jpg 1233,799,1938,1525,0
ISIC_0014930.jpg 842,628,2311,1689,0
ISIC_0014931.jpg 314,487,2402,1941,0
ISIC_0014932.jpg 869,0,3343,2219,0
ISIC_0014933.jpg 1595,517,2324,1357,0
ISIC_0014936.jpg 560,330,2140,1910,0
ISIC_0014937.jpg 288,0,3212,2219,0
ISIC_0014938.jpg 791,410,2535,1798,0
ISIC_0014940.jpg 862,336,2568,1985,0
ISIC_0014941.jpg 648,392,2478,2138,0
ISIC_0014942.jpg 717,597,1957,1498,0
ISIC_0014943.jpg 794,386,2439,1421,0
ISIC_0014944.jpg 1264,523,2506,1593,0
ISIC_0014945.jpg 1098,937,1958,1542,0
ISIC_0014946.jpg 811,226,2480,2062,0
ISIC_0014947.jpg 1094,452,2582,1923,0
ISIC_0014948.jpg 0,0,3244,2219,0
ISIC_0014949.jpg 543,148,2607,2009,0
ISIC_0014951.jpg 314,53,3055,2219,0
ISIC_0014952.jpg 489,294,2539,1948,0
ISIC_0014955.jpg 1213,702,2258,1943,0
ISIC_0014956.jpg 741,135,2663,1837,0
ISIC_0014957.jpg 571,326,2571,2219,0
ISIC_0014958.jpg 505,268,3195,1766,0
ISIC_0014961.jpg 515,72,3203,2229,0
ISIC_0014962.jpg 781,47,3142,2001,0
ISIC_0014963.jpg 0,7,3343,2115,0
ISIC_0014964.jpg 640,139,3163,1828,0
ISIC_0014966.jpg 727,0,3073,1836,0
ISIC_0014968.jpg 586,129,3343,1975,0
ISIC_0014969.jpg 821,256,2846,1758,0
ISIC_0014973.jpg 137,7,2834,2217,0
ISIC_0014974.jpg 941,667,2275,1973,0
ISIC_0014975.jpg 560,87,2585,2165,0
ISIC_0014979.jpg 1038,4,3315,2135,0
ISIC_0014982.jpg 669,542,2756,2207,0
ISIC_0014983.jpg 596,381,2663,2174,0
ISIC_0014985.jpg 0,192,2913,2149,0
ISIC_0014987.jpg 1087,415,2508,1915,0
ISIC_0014989.jpg 857,312,2359,2053,0
ISIC_0014992.jpg 921,330,2793,1933,0
ISIC_0014994.jpg 1288,378,2369,1220,0
ISIC_0014998.jpg 692,35,2929,1864,0
ISIC_0015002.jpg 575,0,2774,2219,0
ISIC_0015003.jpg 403,407,3011,2214,0
ISIC_0015005.jpg 402,335,1904,1905,0
ISIC_0015007.jpg 404,394,2324,1771,0
ISIC_0015008.jpg 0,0,3323,2239,0
ISIC_0015009.jpg 0,0,3333,2009,0
ISIC_0015011.jpg 331,0,3323,2229,0
ISIC_0015013.jpg 501,0,3107,2219,0
ISIC_0015015.jpg 857,6,3027,2031,0
ISIC_0015016.jpg 316,0,3123,2060,0
ISIC_0015018.jpg 1024,555,2334,1857,0
ISIC_0015019.jpg 483,0,2862,2020,0
ISIC_0015020.jpg 383,12,2986,2218,0
ISIC_0015021.jpg 1087,528,2629,1963,0
ISIC_0015023.jpg 922,476,2471,1712,0
ISIC_0015026.jpg 1255,674,1886,1321,0
ISIC_0015030.jpg 636,476,2469,1615,0
ISIC_0015031.jpg 681,2,2992,1523,0
ISIC_0015032.jpg 1346,637,3051,1924,0
ISIC_0015034.jpg 1146,580,2586,1673,0
ISIC_0015035.jpg 1287,868,1895,1395,0
ISIC_0015037.jpg 266,0,2977,2199,0
ISIC_0015040.jpg 1132,774,2090,1520,0
ISIC_0015041.jpg 650,651,2185,1756,0
ISIC_0015043.jpg 777,156,2534,1993,0
ISIC_0015044.jpg 467,277,1990,1933,0
ISIC_0015046.jpg 537,240,2764,2063,0
ISIC_0015050.jpg 0,0,3081,2190,0
ISIC_0015051.jpg 578,173,2412,1820,0
ISIC_0015056.jpg 131,82,2969,1984,0
ISIC_0015057.jpg 579,58,2505,1752,0
ISIC_0015060.jpg 719,100,2353,2006,0
ISIC_0015062.jpg 0,0,3300,2189,0
ISIC_0015064.jpg 0,0,2916,2189,0
ISIC_0015071.jpg 883,430,2905,1900,0
ISIC_0015078.jpg 684,17,2799,2211,0
ISIC_0015079.jpg 829,259,2223,1477,0
ISIC_0015082.jpg 132,434,2671,2219,0
ISIC_0015089.jpg 302,140,2928,2218,0
ISIC_0015102.jpg 198,18,3194,2220,0
ISIC_0015108.jpg 1013,139,3190,2191,0
ISIC_0015109.jpg 495,487,2731,2046,0
ISIC_0015110.jpg 471,310,2765,1701,0
ISIC_0015113.jpg 706,608,2087,2098,0
ISIC_0015115.jpg 399,128,2732,1989,0
ISIC_0015118.jpg 229,2,2647,2206,0
ISIC_0015124.jpg 445,277,2817,2106,0
ISIC_0015125.jpg 899,684,2441,1890,0
ISIC_0015127.jpg 671,311,2499,1908,0
ISIC_0015129.jpg 865,409,2296,1738,0
ISIC_0015130.jpg 572,260,2550,1885,0
ISIC_0015132.jpg 458,123,3041,2179,0
ISIC_0015133.jpg 1356,126,2966,1752,0
ISIC_0015136.jpg 583,360,2559,2031,0
ISIC_0015139.jpg 910,476,2076,1480,0
ISIC_0015140.jpg 15,0,3124,2134,0
ISIC_0015142.jpg 527,5,2789,2042,0
ISIC_0015144.jpg 1350,156,2230,1259,0
ISIC_0015146.jpg 793,383,2304,2079,0
ISIC_0015149.jpg 609,0,2844,2030,0
ISIC_0015150.jpg 642,0,2617,1926,0
ISIC_0015152.jpg 900,228,2617,1953,0
ISIC_0015153.jpg 179,25,3128,2183,0
ISIC_0015155.jpg 720,416,2222,2104,0
ISIC_0015156.jpg 474,727,3048,2190,0
ISIC_0015157.jpg 337,512,2945,2106,0
ISIC_0015158.jpg 1437,800,2618,1913,0
ISIC_0015160.jpg 543,175,2784,1919,0
ISIC_0015161.jpg 562,0,2485,1887,0
ISIC_0015163.jpg 1165,7,2574,2204,0
ISIC_0015166.jpg 881,88,3131,2229,0
ISIC_0015167.jpg 0,0,3333,2090,0
ISIC_0015170.jpg 628,313,2533,1941,0
ISIC_0015171.jpg 0,0,3353,2219,0
ISIC_0015173.jpg 197,0,2457,2058,0
ISIC_0015174.jpg 608,371,2517,1515,0
ISIC_0015175.jpg 798,951,2475,2209,0
ISIC_0015176.jpg 170,161,2611,2216,0
ISIC_0015179.jpg 432,192,2418,1834,0
ISIC_0015180.jpg 362,427,2376,1688,0
ISIC_0015184.jpg 867,596,2519,1659,0
ISIC_0015185.jpg 482,0,2844,2209,0
ISIC_0015189.jpg 756,434,2473,1976,0
ISIC_0015190.jpg 417,70,2699,2070,0
ISIC_0015193.jpg 431,261,2920,2047,0
ISIC_0015200.jpg 157,36,3330,2210,0
ISIC_0015201.jpg 414,409,2527,1714,0
ISIC_0015202.jpg 820,590,2161,1676,0
ISIC_0015203.jpg 12,16,3194,2202,0
ISIC_0015204.jpg 338,208,2749,2209,0
ISIC_0015206.jpg 828,139,2202,1483,0
ISIC_0015207.jpg 861,254,2719,1816,0
ISIC_0015208.jpg 860,197,3016,2190,0
ISIC_0015211.jpg 557,2,3019,2195,0
ISIC_0015212.jpg 1219,735,2229,1559,0
ISIC_0015215.jpg 1006,362,2373,1864,0
ISIC_0015216.jpg 48,6,3305,2205,0
ISIC_0015218.jpg 426,430,2419,2004,0
ISIC_0015219.jpg 753,331,2618,1855,0
ISIC_0015220.jpg 288,0,3313,2220,0
ISIC_0015223.jpg 1114,801,1827,1574,0
ISIC_0015224.jpg 56,6,3138,2200,0
ISIC_0015226.jpg 1215,655,1786,1228,0
ISIC_0015229.jpg 30,2,3323,2209,0
ISIC_0015232.jpg 464,314,2378,2007,0
ISIC_0015233.jpg 881,405,2694,1795,0
ISIC_0015237.jpg 840,4,2924,2107,0
ISIC_0015241.jpg 605,438,2254,1549,0
ISIC_0015243.jpg 262,0,3081,2229,0
ISIC_0015244.jpg 753,0,2618,2219,0
ISIC_0015245.jpg 406,105,2738,2043,0
ISIC_0015250.jpg 569,388,2216,1649,0
ISIC_0015251.jpg 1910,929,2256,1542,0
ISIC_0015254.jpg 972,82,2597,1699,0
ISIC_0015255.jpg 33,3,3335,2226,0
ISIC_0015256.jpg 117,4,3216,2223,0
ISIC_0015258.jpg 11,6,3327,1966,0
ISIC_0015260.jpg 1049,799,2828,1802,0
ISIC_0015264.jpg 1163,511,1938,1513,0
ISIC_0015270.jpg 831,352,2267,1875,0
ISIC_0015273.jpg 1080,901,1865,1531,0
ISIC_0015274.jpg 8,12,3245,2224,0
ISIC_0015276.jpg 1516,789,2312,1483,0
ISIC_0015279.jpg 873,475,2483,1801,0
ISIC_0015283.jpg 473,331,2880,2099,0
ISIC_0015284.jpg 969,260,2910,2218,0
ISIC_0015291.jpg 814,730,2316,2045,0
ISIC_0015293.jpg 882,644,2228,1776,0
ISIC_0015295.jpg 27,0,3238,2184,0
ISIC_0015298.jpg 935,681,2183,1698,0
ISIC_0015309.jpg 290,615,1561,2056,0
ISIC_0015310.jpg 473,135,2969,2187,0
ISIC_0015311.jpg 482,0,2621,2229,0
ISIC_0015312.jpg 591,224,2685,2089,0
ISIC_0015313.jpg 0,0,2820,2157,0
ISIC_0015330.jpg 1004,507,2391,1818,0
ISIC_0015331.jpg 872,102,2747,1909,0
ISIC_0015353.jpg 180,42,3104,2229,0
ISIC_0015355.jpg 864,621,2369,1281,0
ISIC_0015357.jpg 1023,665,1953,1613,0
ISIC_0015360.jpg 417,562,3123,1764,0
ISIC_0015363.jpg 317,0,2659,2205,0
ISIC_0015368.jpg 250,85,3102,2199,0
ISIC_0015369.jpg 1287,880,2261,1810,0
ISIC_0015383.jpg 1043,208,2097,1986,0
ISIC_0015390.jpg 381,12,3328,2209,0
ISIC_0015395.jpg 840,324,2516,1948,0
ISIC_0015401.jpg 468,156,2232,1553,0
ISIC_0015403.jpg 779,524,2449,1694,0
ISIC_0015404.jpg 647,10,2905,2196,0
ISIC_0015411.jpg 1073,868,2163,1888,0
ISIC_0015412.jpg 627,276,2756,1863,0
ISIC_0015416.jpg 548,322,3310,2200,0
ISIC_0015417.jpg 844,326,2593,1883,0
ISIC_0015418.jpg 618,504,2833,1647,0
ISIC_0015419.jpg 10,12,2551,2220,0
ISIC_0015436.jpg 447,390,2717,1781,0
ISIC_0015440.jpg 1393,579,2145,1618,0
ISIC_0015443.jpg 903,207,2681,1873,0
ISIC_0015445.jpg 3,333,3299,2213,0
ISIC_0015447.jpg 105,10,3312,2201,0
ISIC_0015455.jpg 309,363,2628,1713,0
ISIC_0015464.jpg 329,141,2775,2032,0
ISIC_0015466.jpg 1,9,2923,2164,0
ISIC_0015468.jpg 1115,407,2128,1571,0
ISIC_0015476.jpg 938,349,2298,1795,0
ISIC_0015481.jpg 1464,619,2593,1707,0
ISIC_0015482.jpg 543,0,2565,2051,0
ISIC_0015483.jpg 522,471,2420,1967,0
ISIC_0015485.jpg 185,0,2665,2219,0
ISIC_0015496.jpg 628,175,2402,1828,0
ISIC_0015510.jpg 1028,727,2094,1784,0
ISIC_0015526.jpg 972,389,1899,1616,0
ISIC_0015537.jpg 643,5,2643,2140,0
ISIC_0015544.jpg 1323,0,2522,2219,0
ISIC_0015559.jpg 493,280,1727,1961,0
ISIC_0015563.jpg 1347,930,2206,1573,0
ISIC_0015566.jpg 560,199,1979,2125,0
ISIC_0015568.jpg 535,390,1903,1609,0
ISIC_0015582.jpg 1142,446,2521,1417,0
ISIC_0015593.jpg 462,402,2558,1862,0
ISIC_0015603.jpg 1417,668,2276,1579,0
ISIC_0015607.jpg 3,12,3054,2187,0
ISIC_0015614.jpg 1055,828,2464,1763,0
ISIC_0015617.jpg 23,236,3137,2114,0
ISIC_0015625.jpg 688,95,2763,2184,0
ISIC_0015627.jpg 827,548,2012,1538,0
ISIC_0015631.jpg 646,440,2456,1768,0
ISIC_0015636.jpg 667,0,2863,2220,0
ISIC_0015638.jpg 719,0,2027,2209,0
ISIC_0015641.jpg 820,178,2789,1885,0
ISIC_0015645.jpg 1111,519,2348,1899,0
ISIC_0015936.jpg 420,322,642,603,0
ISIC_0015937.jpg 463,247,662,426,0
ISIC_0015939.jpg 645,329,873,603,0
ISIC_0015940.jpg 641,407,814,587,0
ISIC_0015941.jpg 574,372,809,575,0
ISIC_0015942.jpg 706,404,836,595,0
ISIC_0015943.jpg 667,388,820,573,0
ISIC_0015944.jpg 602,335,885,624,0
ISIC_0015945.jpg 678,327,862,614,0
ISIC_0015946.jpg 657,318,835,610,0
ISIC_0015947.jpg 545,303,974,634,0
ISIC_0015948.jpg 520,372,922,703,0
ISIC_0015949.jpg 674,381,879,534,0
ISIC_0015950.jpg 614,359,886,597,0
ISIC_0015951.jpg 728,459,807,534,0
ISIC_0015952.jpg 615,407,830,637,0
ISIC_0015953.jpg 517,255,919,739,0
ISIC_0015955.jpg 337,26,1142,728,0
ISIC_0015956.jpg 528,229,1126,660,0
ISIC_0015957.jpg 682,285,1321,965,0
ISIC_0015958.jpg 712,506,1105,809,0
ISIC_0015960.jpg 514,290,878,670,0
ISIC_0015961.jpg 618,309,936,694,0
ISIC_0015962.jpg 700,360,884,600,0
ISIC_0015963.jpg 746,525,1196,814,0
ISIC_0015964.jpg 623,316,832,581,0
ISIC_0015965.jpg 618,405,925,638,0
ISIC_0015966.jpg 800,291,1218,881,0
ISIC_0015967.jpg 433,150,1088,823,0
ISIC_0015968.jpg 612,245,955,719,0
ISIC_0015969.jpg 561,263,1099,810,0
ISIC_0015971.jpg 644,376,820,597,0
ISIC_0015972.jpg 626,235,1143,744,0
ISIC_0015973.jpg 138,75,403,299,0
ISIC_0015974.jpg 116,49,370,268,0
ISIC_0015975.jpg 646,356,996,619,0
ISIC_0015976.jpg 629,382,925,632,0
ISIC_0015978.jpg 816,324,1135,652,0
ISIC_0015980.jpg 593,333,975,579,0
ISIC_0015981.jpg 598,329,863,640,0
ISIC_0015982.jpg 622,232,1006,668,0
ISIC_0015983.jpg 417,0,1407,1229,0
ISIC_0015984.jpg 844,410,1498,957,0
ISIC_0015985.jpg 927,555,1196,828,0
ISIC_0015986.jpg 601,296,835,697,0
ISIC_0015987.jpg 608,307,827,640,0
ISIC_0015989.jpg 633,343,836,592,0
ISIC_0015990.jpg 494,351,980,678,0
ISIC_0015991.jpg 589,393,961,593,0
ISIC_0015993.jpg 576,402,925,606,0
ISIC_0015994.jpg 852,492,1079,717,0
ISIC_0015995.jpg 597,367,1005,777,0
ISIC_0015996.jpg 593,501,902,823,0
ISIC_0015997.jpg 782,516,1120,871,0
ISIC_0015998.jpg 804,499,1194,773,0
ISIC_0015999.jpg 690,386,877,578,0
ISIC_0016000.jpg 827,460,1168,807,0
ISIC_0016003.jpg 597,359,875,652,0
ISIC_0016004.jpg 819,374,1320,997,0
ISIC_0016005.jpg 743,499,1468,1077,0
ISIC_0016006.jpg 845,742,1243,1175,0
ISIC_0016007.jpg 880,645,1358,1085,0
ISIC_0016008.jpg 506,291,1175,1304,0
ISIC_0016009.jpg 863,488,1327,984,0
ISIC_0016011.jpg 932,546,1181,822,0
ISIC_0016012.jpg 819,826,1280,1124,0
ISIC_0016013.jpg 868,589,1182,1014,0
ISIC_0016014.jpg 705,690,1237,1102,0
ISIC_0016015.jpg 837,513,1329,1085,0
ISIC_0016016.jpg 304,227,1037,1101,0
ISIC_0016017.jpg 868,595,1231,870,0
ISIC_0016019.jpg 609,344,907,638,0
ISIC_0016022.jpg 606,819,1024,1209,0
ISIC_0016023.jpg 781,423,1156,743,0
ISIC_0016024.jpg 695,392,1199,1021,0
ISIC_0016025.jpg 365,176,1024,897,0
ISIC_0016026.jpg 653,390,884,623,0
ISIC_0016027.jpg 1002,586,1182,796,0
ISIC_0016028.jpg 810,347,1111,621,0
ISIC_0016029.jpg 651,475,1383,1049,0
ISIC_0016030.jpg 508,235,1117,862,0
ISIC_0016033.jpg 649,240,1256,816,0
ISIC_0016034.jpg 1560,341,1933,712,0
ISIC_0016035.jpg 454,20,2062,1266,0
ISIC_0016036.jpg 471,363,1604,1358,0
ISIC_0016037.jpg 777,566,1706,1133,0
ISIC_0016038.jpg 677,388,899,552,0
ISIC_0016040.jpg 823,387,1259,808,0
ISIC_0016041.jpg 627,390,894,710,0
ISIC_0016042.jpg 891,495,1341,889,0
ISIC_0016043.jpg 826,692,1224,1000,0
ISIC_0016044.jpg 866,421,1318,946,0
ISIC_0016045.jpg 804,442,1106,687,0
ISIC_0016046.jpg 625,292,911,634,0
ISIC_0016048.jpg 914,715,1140,954,0
ISIC_0016050.jpg 947,778,1205,1076,0
ISIC_0016051.jpg 772,561,1139,865,0
ISIC_0016052.jpg 662,262,1458,1180,0
ISIC_0016053.jpg 824,618,999,822,0
ISIC_0016054.jpg 877,558,1487,1205,0
ISIC_0016055.jpg 577,122,1610,1209,0
ISIC_0016056.jpg 1023,525,1222,798,0
ISIC_0016057.jpg 785,541,1353,931,0
ISIC_0016058.jpg 923,868,1158,1227,0
ISIC_0016059.jpg 936,755,1216,1040,0
ISIC_0016060.jpg 957,493,1289,796,0
ISIC_0016061.jpg 946,744,1165,959,0
ISIC_0016062.jpg 866,557,1265,897,0
ISIC_0016063.jpg 1014,755,1277,1012,0
ISIC_0016064.jpg 918,510,1216,780,0
ISIC_0016065.jpg 967,556,1189,796,0
ISIC_0016066.jpg 873,716,1462,1321,0
ISIC_0016068.jpg 733,392,1473,1192,0
ISIC_0016069.jpg 945,742,1249,1053,0
ISIC_0016070.jpg 948,667,1300,949,0
ISIC_0016071.jpg 796,617,1282,897,0
ISIC_0016072.jpg 825,634,1462,1274,0
